BJD_TDB	Norm_Flux	Norm_Flux_err	Airmass	Sky_Pixel_T1	JD_UTC	tot_C_counts	X(FITS)_T1	Y(FITS)_T1	Width_T1
2457480.49303513	1.008626	0.002699	1.126361	294.506646	2457480.488542	354302.643012	578.116645	524.227039	5.453425
2457480.49443508	1.008373	0.002681	1.130041	293.459621	2457480.489942	352334.744114	577.434237	523.846476	5.291754
2457480.49583604	1.009931	0.002542	1.133789	286.853781	2457480.491343	381545.325562	576.750169	523.463712	5.388258
2457480.49722399	1.011703	0.002617	1.137576	287.344625	2457480.492731	379918.367324	575.959603	523.249665	5.632055
2457480.49862495	1.008360	0.002793	1.141464	296.430925	2457480.494132	351804.521494	575.239802	523.012302	5.651187
2457480.50001390	1.007069	0.002525	1.145391	283.91712	2457480.495521	398892.065374	574.520864	522.543779	5.708086
2457480.50141385	1.003064	0.002392	1.149422	272.361591	2457480.496921	429421.340684	573.950975	522.245014	5.739353
2457480.50280281	1.002404	0.002264	1.153493	267.216115	2457480.49831	462519.860502	573.171061	521.844325	5.676271
2457480.50420376	0.995059	0.002213	1.157671	262.691604	2457480.499711	482689.403366	572.734367	521.469426	5.821831
2457480.50559272	0.996525	0.002133	1.161888	259.585417	2457480.5011	489382.400372	571.962616	521.419052	5.553389
2457480.50699267	0.991466	0.002139	1.166217	260.489386	2457480.5025	491766.016244	571.12334	521.295806	5.751834
2457480.50838163	0.988533	0.002179	1.170585	265.499423	2457480.503889	481216.997398	570.047316	520.996224	5.66854
2457480.50978158	0.988260	0.002220	1.175068	269.563964	2457480.505289	458093.217764	569.587557	520.652476	5.379159
2457480.51117054	0.990790	0.002253	1.179593	271.103628	2457480.506678	452043.321354	568.956647	520.462515	5.455189
2457480.51257149	0.986773	0.002252	1.184234	274.534306	2457480.508079	450118.4017	568.073841	520.545066	5.533132
2457480.51397144	0.988361	0.002259	1.188957	272.062675	2457480.509479	456591.218907	566.93356	520.034997	5.513239
2457480.51536040	0.982889	0.002119	1.193723	268.018666	2457480.510868	485324.367629	565.957556	519.563673	5.184709
2457480.51676135	0.981061	0.002084	1.198611	264.496886	2457480.512269	501118.564498	565.271749	519.52165	5.168727
2457480.51814931	0.979246	0.002056	1.203543	267.019701	2457480.513657	503053.195238	564.482343	519.079514	5.063939
2457480.51955026	0.982774	0.002081	1.208601	267.638803	2457480.515058	500269.786926	563.875836	518.865243	5.25897
2457480.52093922	0.979177	0.002087	1.213704	265.747568	2457480.516447	495975.085718	563.245309	518.510598	5.350032
2457480.52233917	0.983465	0.002130	1.218938	266.32911	2457480.517847	485001.610009	562.455603	517.923485	5.384024
2457480.52374012	0.983366	0.002239	1.224261	271.414027	2457480.519248	463300.73903	561.67535	517.80834	5.729118
2457480.52512908	0.985710	0.002159	1.229631	268.71003	2457480.520637	489146.508484	560.813373	517.163287	5.596259
2457480.52651703	0.987237	0.002080	1.235091	267.444039	2457480.522025	495552.079527	560.285424	516.646833	5.167786
2457480.52791799	0.987890	0.002206	1.240691	274.756886	2457480.523426	478244.750481	559.85779	516.299883	5.689679
2457480.52930694	0.986062	0.002318	1.246338	278.618408	2457480.524815	458621.373954	559.236291	516.123777	5.996592
2457480.53070690	0.988880	0.002311	1.252129	281.377534	2457480.526215	441939.333527	558.712198	515.830293	5.446229
2457480.53209585	0.989309	0.002352	1.257970	286.782822	2457480.527604	412339.589454	558.072577	515.115343	5.125205
2457480.53349680	0.988212	0.002544	1.263958	300.997983	2457480.529005	382878.829721	557.399971	515.029758	5.257959
2457480.53489676	0.991318	0.002471	1.270048	299.404747	2457480.530405	396646.582874	556.942758	514.688849	5.280249
2457480.53628571	0.990963	0.002377	1.276190	290.312652	2457480.531794	418494.000131	556.347525	513.902539	5.261183
2457480.53768567	0.987848	0.002619	1.282487	308.273852	2457480.533194	369542.788719	555.724165	513.321902	5.455222
2457480.53907462	0.988277	0.002725	1.288837	312.203082	2457480.534583	358030.385715	555.153048	512.90673	5.459148
2457480.54047557	0.985922	0.003499	1.295348	348.922927	2457480.535984	264093.447854	554.198619	512.621114	5.514403
2457480.54186453	0.987836	0.003711	1.301914	354.784624	2457480.537373	240592.616692	553.653633	512.448044	5.31331
2457480.54326448	0.982236	0.002879	1.308646	322.338535	2457480.538773	322439.805315	552.911879	511.893227	5.290617
2457480.54465344	0.983710	0.002597	1.315434	304.896582	2457480.540162	365562.285121	552.374468	511.301664	5.290276
2457480.54605339	0.982544	0.002576	1.322394	297.752652	2457480.541562	374702.236386	551.785282	510.64457	5.31785
2457480.54744235	0.981035	0.002533	1.329413	293.346891	2457480.542951	394720.767579	551.290232	510.296141	5.506538
2457480.54884330	0.978472	0.002542	1.336610	293.670346	2457480.544352	391898.007039	550.864726	509.575902	5.443764
2457480.55023225	0.979238	0.002466	1.343867	289.002553	2457480.545741	404683.928388	550.299138	509.115591	5.331814
2457480.55163221	0.981724	0.002408	1.351308	286.944525	2457480.547141	402914.81327	549.867856	508.542952	5.157608
2457480.55302116	0.979332	0.002268	1.358812	276.434588	2457480.54853	435041.135202	549.371308	508.021142	5.006705
2457480.55442212	0.978167	0.002258	1.366507	275.329052	2457480.549931	445320.409675	549.022233	507.337672	5.132238
2457480.55581007	0.977078	0.002368	1.374267	282.106105	2457480.551319	423484.558926	548.646209	506.693903	5.265142
2457480.55721103	0.974486	0.002432	1.382223	286.289784	2457480.55272	408513.961924	548.416449	505.784468	5.344969
2457480.55861098	0.980685	0.002381	1.390316	279.89715	2457480.55412	426281.730951	548.123785	505.228599	5.334278
2457480.55999993	0.978565	0.002335	1.398477	275.561055	2457480.555509	422805.311076	547.812322	504.587162	5.202258
2457480.56140089	0.988825	0.002307	1.406846	274.696674	2457480.55691	431250.135361	547.556778	504.145555	5.074195
2457480.56278984	0.985990	0.002297	1.415288	273.348958	2457480.558299	438723.481572	547.227516	503.128865	5.119229
2457480.56418979	0.992912	0.002453	1.423944	278.64985	2457480.559699	408004.903215	547.08024	502.35945	5.259161
2457480.56557875	0.990795	0.002395	1.432676	274.484223	2457480.561088	415841.081659	546.710071	501.624136	5.321997
2457480.56697870	0.990636	0.002340	1.441631	273.50724	2457480.562488	434217.037761	546.377241	501.450269	5.433
2457480.56836766	0.987279	0.002332	1.450665	272.390276	2457480.563877	432004.9372	546.037161	500.820539	5.200583
2457480.56976861	0.992336	0.002322	1.459930	269.267442	2457480.565278	440210.356128	546.247169	500.150469	5.41123
2457480.57115756	0.992489	0.002314	1.469277	271.758961	2457480.566667	433631.587874	546.248676	499.61974	5.234376
2457480.57255752	0.993360	0.002430	1.478864	275.576264	2457480.568067	421718.600811	546.464159	498.900838	5.681939
2457480.57394647	0.989244	0.002396	1.488537	272.149851	2457480.569456	433309.046467	546.444663	498.149591	5.774782
2457480.57534643	0.988892	0.002392	1.498460	274.611248	2457480.570856	433255.362794	546.354759	497.677277	5.818612
2457480.57673538	0.993054	0.002365	1.508471	272.235021	2457480.572245	434324.539974	546.028559	496.963387	5.676488
2457480.57813634	0.990471	0.002360	1.518742	276.074826	2457480.573646	429039.581935	546.020048	496.065273	5.344487
2457480.57952529	0.987975	0.002185	1.529107	265.601296	2457480.575035	468482.918121	546.313918	495.424771	5.273768
2457480.58092524	0.988801	0.002171	1.539741	264.989678	2457480.576435	472049.010091	546.317744	494.778196	5.287458
2457480.58231420	0.995190	0.002230	1.550473	265.106856	2457480.577824	469852.178763	546.253647	494.025418	5.338882
2457480.58371515	0.991534	0.002142	1.561486	268.077974	2457480.579225	474224.216465	546.013186	493.056015	5.011601
2457480.58510310	0.995716	0.002123	1.572601	268.584205	2457480.580613	479297.217	546.285142	492.464738	4.809389
2457480.58650406	0.998155	0.002155	1.584008	271.263327	2457480.582014	478689.75392	546.632147	491.672865	4.953483
2457480.58789301	1.001936	0.002172	1.595522	276.007177	2457480.583403	472234.602601	546.715813	490.801571	5.059993
2457480.58929297	0.999711	0.002251	1.607340	283.391022	2457480.584803	463129.981677	546.612409	490.167845	5.276708
2457480.59068192	1.004933	0.002250	1.619271	286.51672	2457480.586192	460320.318817	546.502823	489.417636	5.163661
2457480.59208287	0.998229	0.002365	1.631519	301.982776	2457480.587593	454889.661536	546.17845	488.350372	5.606778
2457480.59347083	0.998345	0.002346	1.643885	315.27454	2457480.588981	456505.880748	546.177467	487.52805	5.490783
2457480.59487178	1.001662	0.002410	1.656581	336.132251	2457480.590382	445253.596876	546.283751	486.785849	5.52345
2457480.59626074	1.002349	0.002377	1.669401	363.154159	2457480.591771	449409.798924	546.491839	486.380628	5.293002
2457480.59766069	1.003553	0.002431	1.682566	412.27113	2457480.593171	447449.938422	546.994482	485.549745	5.266353
2457480.59904964	0.999579	0.002498	1.695862	476.209425	2457480.59456	447919.436519	547.049098	484.69223	5.366561
2457480.60045060	1.004299	0.002697	1.709516	575.973002	2457480.595961	440137.770403	547.293305	483.902338	5.533335
2457480.60183955	1.008853	0.002813	1.723309	723.561178	2457480.59735	437922.990298	547.468741	482.935737	5.329248
2457480.60323951	1.005850	0.003132	1.737477	943.276728	2457480.59875	434080.999239	547.437474	482.026703	5.564258
2457480.60462846	1.004316	0.003273	1.751790	1253.162091	2457480.600139	433726.794928	547.933427	481.428586	5.486491
2457480.60602841	1.005458	0.003619	1.766495	1721.085907	2457480.601539	434681.290135	548.253128	480.401492	5.380767
2457520.37099446	0.980269	0.002055	1.100200	367.996917	2457520.368519	552208.376889	574.957275	599.59314	6.060493
2457520.37273034	0.978823	0.002045	1.104145	363.501331	2457520.370255	552485.225867	574.343072	599.405358	6.019293
2457520.37447723	0.977311	0.002039	1.108215	363.73618	2457520.372002	551852.779928	573.9018	599.400226	5.831607
2457520.37621311	0.976129	0.002025	1.112356	361.475803	2457520.373738	553210.58081	573.496879	599.40117	5.741427
2457520.37796100	0.971451	0.001983	1.116626	359.877511	2457520.375486	555757.379886	572.627164	599.760816	5.531013
2457520.37969689	0.970751	0.002072	1.120969	362.581228	2457520.377222	549456.712208	572.078782	600.170448	6.119112
2457520.38144477	0.973841	0.002175	1.125445	365.409475	2457520.37897	543703.508588	572.383362	600.077273	6.588305
2457520.38319266	0.977389	0.002070	1.130026	366.500756	2457520.380718	546773.836224	572.084898	599.975885	5.939611
2457520.38492854	0.977937	0.002057	1.134683	366.091288	2457520.382454	541199.560979	571.358913	599.941258	6.030778
2457520.38667543	0.975751	0.002131	1.139479	365.027881	2457520.384201	537850.727687	570.42005	599.92758	6.444326
2457520.38841232	0.978406	0.002197	1.144353	361.672014	2457520.385938	539043.039395	570.006543	599.978858	6.69168
2457520.39015920	0.981023	0.002147	1.149372	356.957817	2457520.387685	537299.665967	569.669495	600.110527	6.561953
2457520.39189509	0.982585	0.002214	1.154469	356.345442	2457520.389421	535180.273795	569.577187	600.26503	6.724527
2457520.39364297	0.980532	0.002219	1.159717	359.485185	2457520.391169	534097.962121	569.289132	600.325047	6.901298
2457520.39539086	0.980112	0.002195	1.165082	357.704923	2457520.392917	535998.587853	568.602989	600.41235	6.832069
2457520.39712674	0.981159	0.002246	1.170529	352.984633	2457520.394653	537919.362589	568.536671	600.365148	7.015956
2457520.39887363	0.981075	0.002343	1.176134	350.124837	2457520.3964	538466.678522	568.234103	600.561725	7.4105
2457520.40061052	0.987242	0.002281	1.181825	350.055817	2457520.398137	537999.980446	567.795976	600.318073	7.116446
2457520.40235740	0.986156	0.002140	1.187679	346.072474	2457520.399884	541127.621974	568.011443	600.040059	6.476696
2457520.40409329	0.992271	0.002167	1.193620	348.454238	2457520.40162	537829.323739	567.999315	600.53876	6.43778
2457520.40584117	0.997895	0.002187	1.199731	346.72271	2457520.403368	536301.093287	567.584925	600.825088	6.405235
2457520.40757706	0.996959	0.002185	1.205933	344.990925	2457520.405104	538975.28851	566.833618	600.630232	6.487542
2457520.40932494	1.001324	0.002166	1.212311	347.884876	2457520.406852	533479.283306	566.673595	600.722405	6.251328
2457520.41107283	1.004114	0.002057	1.218825	347.40265	2457520.4086	534685.779464	566.783522	601.040187	5.625084
2457520.41280872	1.000910	0.002035	1.225435	352.145068	2457520.410336	534209.010485	566.93871	600.91891	5.486755
2457520.41455560	0.998625	0.002048	1.232232	350.125041	2457520.412083	537887.124951	566.994964	600.858948	5.653482
2457520.41629149	0.999481	0.002102	1.239127	360.92471	2457520.413819	533670.004553	566.67019	600.732476	5.909428
2457520.41803937	1.000962	0.002131	1.246215	368.557243	2457520.415567	528689.222156	566.131567	600.649816	5.95347
2457520.41977526	0.995481	0.002205	1.253406	381.964204	2457520.417303	522876.651325	565.757084	600.53138	6.229973
2457520.42852468	0.985979	0.002451	1.292018	442.633309	2457520.426053	489295.25905	564.179362	600.67014	6.560712
2457520.43026057	0.986163	0.002487	1.300172	456.266595	2457520.427789	482977.004761	564.079325	600.517068	6.736236
2457520.43200845	0.985332	0.002480	1.308553	468.314144	2457520.429537	479607.737224	563.954857	599.960776	6.33636
2457520.43375634	0.984542	0.002518	1.317112	472.838675	2457520.431285	471966.538716	564.004275	599.899692	6.384456
2457520.43549223	0.991114	0.002688	1.325792	484.210027	2457520.433021	455697.874478	563.487412	600.107269	6.816897
2457520.43724011	0.988324	0.002724	1.334715	500.564697	2457520.434769	446097.649581	563.690217	599.676694	6.71269
2457520.43897600	0.986823	0.002814	1.343766	524.947358	2457520.436505	434186.318498	563.332529	599.421507	6.821012
2457520.44072288	0.988504	0.002836	1.353069	533.425328	2457520.438252	424108.55027	562.600218	599.946208	6.616531
2457520.44245877	0.989916	0.002995	1.362505	549.315984	2457520.439988	409626.691429	562.217454	599.716442	6.905387
2457520.44420665	0.989062	0.003062	1.372205	571.235211	2457520.441736	399373.727909	561.673214	599.62454	6.657974
2457520.44595454	0.989784	0.003177	1.382111	596.463004	2457520.443484	385208.722807	561.852275	599.468673	6.692659
2457776.44703155	0.992542	0.003448	1.242900	134.396118	2457776.443183	178262.758015	515.285977	512.615099	4.904509
2457776.44854763	0.988911	0.003496	1.236802	136.501468	2457776.444699	178551.660861	515.64102	513.156351	5.120192
2457776.45005270	0.990861	0.003533	1.230859	136.142405	2457776.446204	178642.130527	515.523796	513.235868	5.12478
2457776.45156878	0.999807	0.003532	1.224978	133.424183	2457776.44772	177950.097661	515.820026	513.308964	5.13385
2457776.45307385	0.993914	0.003569	1.219249	133.239137	2457776.449225	177604.491061	515.632663	512.671186	5.372239
2457776.45458993	0.989274	0.003538	1.213581	132.392134	2457776.450741	179245.369831	516.14728	512.647524	5.242074
2457776.45609401	0.996506	0.003871	1.208058	132.953773	2457776.452245	177423.265222	516.653389	512.418149	6.195852
2457776.45759908	0.998229	0.003734	1.202636	132.848476	2457776.45375	176535.837527	516.848326	512.003098	5.763832
2457776.45911516	0.991975	0.003616	1.197272	131.702795	2457776.455266	176035.475412	517.08019	511.709082	5.662723
2457776.46062023	0.992139	0.003796	1.192048	130.083394	2457776.456771	177268.362528	517.315848	511.826971	6.090115
2457776.46212431	0.993203	0.003589	1.186919	130.513828	2457776.458275	177090.076401	517.305827	511.21171	5.451155
2457776.46362938	0.990886	0.003567	1.181885	126.856117	2457776.45978	177621.594071	517.667545	511.101282	5.541335
2457776.46514546	0.993462	0.003528	1.176907	126.189149	2457776.461296	176552.011609	517.699000	511.201894	5.42743
2457776.46665053	0.990318	0.003545	1.172059	127.798645	2457776.462801	178146.759222	517.924348	510.89763	5.456094
2457776.46816661	0.992443	0.003582	1.167265	127.058871	2457776.464317	178824.625554	517.587676	510.794144	5.549663
2457776.46967168	0.988026	0.003602	1.162597	126.18616	2457776.465822	178587.139395	518.106513	510.589188	5.748664
2457776.47118776	0.987945	0.003539	1.157983	126.36429	2457776.467338	179314.222337	518.547984	510.574991	5.479132
2457776.47269284	0.989079	0.003585	1.153490	124.218961	2457776.468843	179174.670516	517.723984	510.137675	5.565136
2457776.47419691	0.994192	0.003608	1.149084	125.655963	2457776.470347	177755.700966	517.789098	510.013492	5.666003
2457776.47571299	0.986769	0.003672	1.144728	124.626924	2457776.471863	178607.284567	518.110231	509.97003	5.802658
2457776.47721806	0.986668	0.003576	1.140490	124.120667	2457776.473368	177945.338387	518.49154	509.707429	5.598358
2457776.47872314	0.986927	0.003609	1.136334	119.953198	2457776.474873	179001.966925	519.235215	509.344699	5.791065
2457776.48023921	0.990169	0.003641	1.132227	122.375925	2457776.476389	178970.107753	519.634842	509.057004	5.701406
2457776.48174429	0.994458	0.003580	1.128233	122.089919	2457776.477894	179534.255097	519.535106	508.759364	5.545659
2457776.48326036	0.996521	0.003494	1.124287	121.626664	2457776.47941	180766.990946	518.748603	508.436619	5.292257
2457776.48477644	0.991665	0.003521	1.120421	122.98987	2457776.480926	180792.193309	518.639219	508.123191	5.345411
2457776.48626951	0.985142	0.003557	1.116690	122.7163	2457776.482419	179071.993116	518.867338	508.055139	5.596215
2457776.48778559	0.991276	0.003539	1.112978	121.00337	2457776.483935	179363.909149	519.112583	508.067928	5.455575
2457776.48929066	0.991924	0.003508	1.109369	117.168353	2457776.48544	178496.756861	519.534028	508.049205	5.520878
2457776.49079474	0.994722	0.003481	1.105835	120.106759	2457776.486944	178217.474366	519.600286	507.803413	5.295186
2457776.49231182	0.996026	0.003609	1.102348	118.17924	2457776.488461	177715.119136	519.668823	507.767313	5.749239
2457776.49381589	0.989168	0.003531	1.098960	117.293693	2457776.489965	178750.331351	519.488819	507.302241	5.394589
2457776.49533197	0.995389	0.003483	1.095619	114.648716	2457776.491481	180124.018485	519.39707	507.37537	5.410381
2457776.49683704	0.993972	0.003559	1.092374	116.198192	2457776.492986	178525.55428	519.356165	507.625049	5.686226
2457776.49835312	0.989690	0.003487	1.089175	117.888764	2457776.494502	181036.749439	519.465018	507.341432	5.27765
2457776.49987019	0.991817	0.003488	1.086046	116.486986	2457776.496019	180059.907505	519.009791	506.893117	5.412147
2457776.50137427	0.987315	0.003510	1.083010	117.98648	2457776.497523	179257.121876	518.982803	506.912473	5.472332
2457776.50287934	0.988100	0.003469	1.080042	116.061936	2457776.499028	179353.236198	519.797888	506.492324	5.259631
2457776.50439542	0.973730	0.003375	1.077119	114.994845	2457776.500544	180420.097714	519.756541	506.512087	5.172472
2457776.50590049	0.973581	0.003396	1.074285	115.631902	2457776.502049	181160.518546	519.969884	506.714672	5.080222
2457776.50741657	0.975217	0.003390	1.071495	114.841032	2457776.503565	181232.424078	519.72055	506.7202	5.216023
2457776.50893264	0.972543	0.003345	1.068772	114.865065	2457776.505081	179836.02516	519.680251	506.690287	5.132054
2457776.51043772	0.971885	0.003366	1.066134	115.104337	2457776.506586	180770.670037	519.526505	507.042358	5.227588
2457776.51194179	0.969707	0.003342	1.063559	116.407959	2457776.50809	181798.118217	519.446871	507.079979	4.985935
2457776.51344687	0.966329	0.003365	1.061048	117.535323	2457776.509595	181992.852677	519.908736	507.131597	5.12498
2457776.51495194	0.970467	0.003354	1.058600	114.604001	2457776.5111	181727.014078	519.268173	507.197085	5.135363
2457776.51645602	0.965267	0.003330	1.056213	112.714403	2457776.512604	181907.401034	519.025988	507.558739	5.171012
2457776.51796109	0.968355	0.003396	1.053888	110.72638	2457776.514109	180255.646019	518.60969	507.953735	5.456965
2457776.51947717	0.970039	0.003437	1.051607	108.812425	2457776.515625	180598.881113	518.558615	508.188462	5.668904
2457776.52098224	0.966393	0.003374	1.049404	108.177395	2457776.51713	181291.018535	518.302955	507.844381	5.412121
2457776.52248632	0.968150	0.003292	1.047261	105.711405	2457776.518634	183189.797553	518.380266	508.110388	4.984773
2457776.52399139	0.966703	0.003313	1.045177	107.791377	2457776.520139	182804.026914	517.804366	508.456976	5.262891
2457776.52550747	0.966794	0.003258	1.043137	106.597119	2457776.521655	183678.434211	517.883296	509.043698	4.978833
2457776.52702355	0.966254	0.003266	1.041157	107.881441	2457776.523171	183899.680538	516.777458	509.587581	4.938286
2457776.52852862	0.969952	0.003404	1.039250	110.081841	2457776.524676	181368.138874	516.412345	510.080564	5.45547
2457776.53003369	0.971873	0.003353	1.037400	107.025873	2457776.526181	180102.975441	517.193363	510.469828	5.338331
2457776.53153777	0.977242	0.003415	1.035608	106.227119	2457776.527685	179752.892543	516.082954	511.018837	5.631649
2457776.53304284	0.975563	0.003453	1.033872	106.748139	2457776.52919	179314.032042	516.378164	511.355737	5.706767
2457776.53455892	0.972068	0.003450	1.032181	106.596881	2457776.530706	181026.683143	516.124023	511.45325	5.533647
2457776.53607499	0.973979	0.003598	1.030546	107.301971	2457776.532222	179200.024063	515.932926	511.760958	6.070261
2457776.53758007	0.968878	0.003856	1.028980	108.540944	2457776.533727	176714.287743	515.784221	511.734201	6.835781
2457776.53909614	0.976464	0.003425	1.027458	107.776507	2457776.535243	181127.271499	515.682496	513.231283	5.357864
2457776.54060122	0.976524	0.003456	1.026002	105.950094	2457776.536748	178830.15899	516.048834	514.042384	5.621338
2457776.54211729	0.980740	0.003544	1.024591	104.215978	2457776.538264	178179.034401	515.335379	514.101116	5.862498
2457776.54363337	0.983277	0.003561	1.023235	107.539158	2457776.53978	177417.310416	515.45772	514.557674	5.831851
2457776.54513844	0.989074	0.003432	1.021944	105.938637	2457776.541285	178743.090478	515.629795	514.982557	5.326796
2457776.54665452	0.985624	0.003392	1.020697	103.293725	2457776.542801	181761.677778	515.421413	515.181333	5.188801
2457776.54815959	0.976749	0.003374	1.019513	103.702528	2457776.544306	182398.284909	514.967426	515.797701	5.384671
2457776.54966367	0.984857	0.003502	1.018383	105.805633	2457776.54581	180427.750309	515.071004	516.779476	5.597444
2457776.55117974	0.973668	0.003515	1.017298	104.69694	2457776.547326	180472.472356	514.09568	517.951141	5.663191
2457776.55268482	0.975712	0.003401	1.016274	103.232129	2457776.548831	181516.367682	513.94486	518.868846	5.41096
2457776.55420089	0.976645	0.003723	1.015296	104.594862	2457776.550347	177193.480808	514.690246	520.088659	6.546105
2457776.55571697	0.982151	0.003449	1.014371	101.581371	2457776.551863	180041.759791	514.510595	520.96492	5.66602
2457776.55723404	0.973976	0.003579	1.013499	101.941595	2457776.55338	180133.787215	513.158656	522.232694	6.152085
2457776.55873812	0.975164	0.003489	1.012685	101.350665	2457776.554884	180141.923271	513.276264	523.193164	5.735914
2457776.56025419	0.971743	0.003389	1.011918	102.795613	2457776.5564	180068.804867	513.154543	524.175618	5.363214
2457776.56175927	0.976574	0.003434	1.011209	100.972086	2457776.557905	182315.762443	513.228812	525.354905	5.458921
2457776.56326434	0.975145	0.003478	1.010551	104.020233	2457776.55941	182207.494022	512.991045	525.80212	5.661398
2457776.56478042	0.972570	0.003446	1.009940	104.609549	2457776.560926	181355.464808	513.649044	526.847842	5.786178
2457776.56780157	0.974813	0.003347	1.008878	101.701621	2457776.563947	181410.871906	513.585497	528.686658	5.277027
2457776.56931764	0.973308	0.003352	1.008423	100.935928	2457776.565463	182170.286256	512.765046	529.867031	5.361871
2457776.57082271	0.973145	0.003371	1.008022	102.503776	2457776.566968	181379.622969	512.819532	530.913838	5.406286
2457776.57232679	0.978212	0.003389	1.007672	101.764927	2457776.568472	181091.467269	512.947789	531.751821	5.42404
2457776.57383186	0.976808	0.003356	1.007373	103.013299	2457776.569977	181716.109875	513.543726	533.36794	5.255749
2457776.57533594	0.973807	0.003620	1.007124	104.956089	2457776.571481	180425.389143	513.366899	535.258222	6.011306
2457776.57685301	0.980804	0.003397	1.006925	103.6583	2457776.572998	180433.611276	513.533162	536.736963	5.508637
2457776.57835709	0.980462	0.003367	1.006779	103.7963	2457776.574502	181543.87453	513.062142	537.491661	5.230594
2457776.57987416	0.988274	0.003397	1.006682	101.913932	2457776.576019	181359.260221	513.408767	538.219297	5.404381
2457776.58331133	1.004592	0.003402	1.006653	100.246657	2457776.579456	178284.947185	513.581255	512.969519	5.253074
2457776.58481641	1.001991	0.003376	1.006723	102.568672	2457776.580961	178810.139885	514.43571	512.938894	5.08556
2457776.58633248	1.000150	0.003343	1.006846	99.07790	2457776.582477	180409.190301	514.934613	512.779752	5.184152
2457776.58783656	0.996478	0.003358	1.007018	99.834937	2457776.583981	180827.796565	515.348483	512.726867	5.153274
2457776.58935363	0.992469	0.003342	1.007242	99.862551	2457776.585498	180323.646802	515.334276	512.605056	5.166141
2457776.59085770	0.992392	0.003491	1.007516	100.369276	2457776.587002	179266.842513	515.407385	512.374803	5.783029
2457776.59237478	0.990134	0.003320	1.007843	100.122626	2457776.588519	181259.226596	516.247337	512.482442	5.159141
2457776.59387885	0.987659	0.003466	1.008219	101.768223	2457776.590023	179125.334523	516.696786	511.530325	5.840805
2457776.59539493	0.988398	0.003353	1.008649	104.015494	2457776.591539	181751.496508	516.752068	511.489014	5.179498
2457776.59691200	0.993175	0.003381	1.009131	98.749365	2457776.593056	180508.55281	516.586557	510.875675	5.481922
2457776.59841608	0.986284	0.003377	1.009660	100.148532	2457776.59456	179465.50626	516.772276	510.687171	5.435681
2457776.59992115	0.989524	0.003330	1.010241	97.419395	2457776.596065	179555.355833	516.702704	510.653954	5.298114
2457776.60142522	0.988560	0.003342	1.010873	96.987446	2457776.597569	180953.02535	516.732961	510.16039	5.232441
2457776.60293030	0.996581	0.003399	1.011556	99.149886	2457776.599074	179660.743363	515.909632	510.111568	5.452644
2457776.60444637	0.986293	0.003419	1.012297	98.513966	2457776.60059	179959.868636	516.980949	509.638514	5.533696
2457776.60595145	0.995867	0.003365	1.013085	97.828218	2457776.602095	179457.737886	516.610804	509.661212	5.291582
2457776.60745652	0.991821	0.003325	1.013924	96.157946	2457776.6036	179941.834357	516.433955	509.617872	5.181362
2457776.60897260	0.991993	0.003332	1.014822	96.48627	2457776.605116	178510.575836	516.156376	509.333441	5.175593
2457776.61047667	0.999639	0.003406	1.015766	97.254465	2457776.60662	176857.302703	516.191369	508.57292	5.372609
2457776.61199374	1.002310	0.003489	1.016771	97.509182	2457776.608137	177798.034425	515.987666	508.190432	5.695701
2457776.61349782	0.992578	0.003483	1.017820	98.805288	2457776.609641	178239.137672	515.933393	508.198549	5.69705
2457776.61500289	1.003006	0.003464	1.018923	96.818902	2457776.611146	177332.312296	516.056694	508.038077	5.62191
2457776.61651897	0.997536	0.003376	1.020088	95.668196	2457776.612662	178539.444103	516.013782	507.512946	5.203948
2457776.61802404	1.002311	0.003493	1.021298	96.167377	2457776.614167	177070.492027	514.561335	507.383557	5.674923
2457776.61952811	1.004831	0.003346	1.022561	95.454407	2457776.615671	178563.137898	514.371942	507.267062	5.007725
2457776.62104519	0.995377	0.003349	1.023889	95.429489	2457776.617188	178550.742232	514.395249	507.305749	5.275997
2457776.62254926	0.998244	0.003415	1.025261	97.136048	2457776.618692	180332.532651	514.971243	506.87654	5.348253
2457776.62405434	1.000849	0.003456	1.026688	98.213958	2457776.620197	177983.826583	513.757726	506.700815	5.459386
2457776.62555841	0.996678	0.003426	1.028169	95.467614	2457776.621701	178459.063984	513.679452	506.443524	5.314957
2457776.62706348	1.004263	0.003426	1.029706	94.326700	2457776.623206	177870.139866	513.534965	506.13924	5.325108
2457776.62856856	1.003048	0.003335	1.031299	95.315384	2457776.624711	179351.092958	513.894519	506.468383	4.869746
2457776.63007263	1.003070	0.003342	1.032947	97.011728	2457776.626215	178955.600333	513.570908	506.2912	4.958811
2457776.63157771	1.001082	0.003394	1.034651	94.307981	2457776.62772	178708.690468	512.767654	506.389342	5.317538
2457776.63308278	1.003141	0.003492	1.036412	91.752982	2457776.629225	176449.307711	512.873182	505.627367	5.820828
2457776.63458685	1.002571	0.003491	1.038230	91.659122	2457776.630729	176672.627368	512.26453	505.716163	5.752901
2457776.63609193	1.000185	0.003384	1.040106	92.336344	2457776.632234	178009.540481	512.433761	505.433431	5.229052
2457776.63759600	1.003147	0.003395	1.042039	89.550621	2457776.633738	175317.786823	512.315928	505.169783	5.458698
2457776.63910108	1.005657	0.003484	1.044031	93.054463	2457776.635243	176587.457961	512.341119	504.454846	5.661938
2457776.64061715	1.009111	0.003516	1.046098	92.794928	2457776.636759	176260.192193	511.813931	504.138496	5.857477
2457776.64212222	1.004266	0.003461	1.048208	93.579058	2457776.638264	177303.109243	512.103912	504.435398	5.540536
2457776.64363830	1.005774	0.003360	1.050394	92.57005	2457776.63978	178002.951714	512.38039	504.234196	5.116658
2457776.64515437	1.005154	0.003398	1.052642	91.874107	2457776.641296	177659.137863	511.560755	503.615498	5.26634
2457776.64665944	1.010542	0.003440	1.054934	95.275973	2457776.642801	176823.099507	510.567635	503.676647	5.289911
2457776.64817552	1.005658	0.003451	1.057305	95.264596	2457776.644317	177792.168716	510.189178	503.827875	5.420262
2457776.64968059	1.005884	0.003437	1.059720	100.560793	2457776.645822	177922.818208	510.853108	503.601601	5.328254
2457804.32057673	0.997483	0.006691	1.528502	534.188315	2457804.315764	96221.087566	523.144623	463.574942	4.968466
2457804.32277577	1.000079	0.006135	1.512189	514.087831	2457804.317963	108427.188358	524.257533	466.680745	4.876433
2457804.32497481	0.998081	0.006135	1.496314	512.610351	2457804.320162	105929.802399	524.353136	469.76167	5.090893
2457804.33158394	0.999033	0.005833	1.451118	471.511492	2457804.326771	114178.085943	526.74701	477.971453	5.014497
2457804.33378298	0.993436	0.005826	1.436871	467.955613	2457804.32897	118089.436569	527.750711	480.374231	5.202848
2457804.33599402	1.002174	0.005667	1.422930	456.896387	2457804.331181	118930.481367	528.317759	482.640138	5.028589
2457804.33820407	0.990861	0.005414	1.409357	454.183394	2457804.333391	120928.464151	528.603075	484.580128	5.133578
2457804.34040311	1.006538	0.005420	1.396211	438.472004	2457804.33559	128681.467685	529.092104	486.468272	5.496864
2457804.34261415	1.006362	0.006292	1.383343	457.145986	2457804.337801	107545.10644	529.382731	488.327924	5.267914
2457804.34481319	1.008255	0.006607	1.370878	457.484598	2457804.34	97621.866126	529.96503	490.037873	5.082726
2457804.34702424	1.000303	0.007330	1.358676	463.585619	2457804.342211	90255.637648	530.240864	491.573143	5.504899
2457804.34922328	0.999162	0.007415	1.346854	461.261313	2457804.34441	84222.654795	530.442284	492.995745	5.356582
2457804.35143332	0.990174	0.005840	1.335280	429.177203	2457804.34662	110712.36212	530.81436	493.910596	5.129306
2457804.35363236	0.996124	0.004953	1.324067	399.13453	2457804.348819	131027.060328	530.573105	495.011368	5.117138
2457804.35584340	0.990570	0.004863	1.313088	393.883286	2457804.35103	136157.16343	530.910706	495.90218	5.089405
2457804.35805445	0.993819	0.004604	1.302396	381.140499	2457804.353241	142683.169753	531.335548	496.595341	4.978232
2457804.36025349	0.993234	0.004419	1.292037	374.73175	2457804.35544	147531.192841	531.28777	497.333089	5.011651
2457804.36246353	0.985674	0.004359	1.281894	371.684992	2457804.35765	146650.347114	531.534728	497.678748	5.135701
2457804.36467457	0.991826	0.004523	1.272017	372.492868	2457804.359861	141544.488012	531.605118	498.016746	5.132097
2457804.36687361	0.981046	0.004762	1.262447	365.443134	2457804.36206	149985.360888	532.079893	498.122971	5.695624
2457804.36908466	0.983169	0.004213	1.253079	362.812163	2457804.364271	153292.827231	532.633956	498.351694	5.142762
2457804.37129470	0.984670	0.004372	1.243956	370.512025	2457804.366481	142200.680009	532.452043	498.620985	4.805633
2457804.37349474	0.977531	0.004410	1.235119	369.024979	2457804.368681	145067.62774	532.653557	498.765076	5.01742
2457804.37570478	0.981138	0.004326	1.226469	362.092151	2457804.370891	149685.916635	532.984168	498.801879	4.99554
2457804.37790382	0.980063	0.004316	1.218091	360.054326	2457804.37309	149045.45816	533.92195	498.556951	4.983792
2457804.38011487	0.977692	0.004371	1.209892	346.817043	2457804.375301	143163.423731	533.774773	498.392636	5.143259
2457804.38231391	0.979423	0.004573	1.201952	343.960309	2457804.3775	137844.179647	534.063849	498.348888	5.055105
2457804.38451295	0.973898	0.004472	1.194224	334.31016	2457804.379699	146204.331755	533.520762	498.27436	5.278511
2457804.38672399	0.984218	0.004251	1.186663	324.686199	2457804.38191	155086.800009	533.637356	498.014326	5.562632
2457804.38892303	0.981347	0.003856	1.179344	315.51901	2457804.384109	165142.168429	533.460212	497.564962	5.060448
2457804.39113308	0.977524	0.003919	1.172186	310.61654	2457804.386319	170439.251536	533.8457	497.412119	5.226838
2457804.39333312	0.970887	0.004141	1.165259	318.386543	2457804.388519	153584.595984	533.832958	497.026469	4.875846
2457804.39554316	0.969209	0.004416	1.158487	331.547034	2457804.390729	140240.874164	533.713292	496.642604	4.864896
2457804.39774220	0.971615	0.004728	1.151936	338.500783	2457804.392928	130709.809353	534.11703	495.781652	5.030436
2457804.39994124	0.979297	0.004193	1.145567	312.13246	2457804.395127	149741.873959	534.175951	495.486539	5.045461
2457804.40214028	0.973251	0.004193	1.139377	319.636847	2457804.397326	143106.507351	533.886011	495.175587	5.079371
2457804.40435132	0.978444	0.004028	1.133330	302.325551	2457804.399537	157043.464411	534.135469	494.733209	5.097139
2457804.40655037	0.977456	0.003683	1.127487	291.547435	2457804.401736	175988.050798	533.698549	494.532681	5.082746
2457804.40874941	0.980198	0.003657	1.121812	280.715751	2457804.403935	176294.251148	533.92839	494.091546	5.026869
2457804.41096045	0.981190	0.003500	1.116274	277.809931	2457804.406146	181474.344213	533.720646	493.685489	4.914913
2457804.41317049	0.972006	0.003482	1.110899	275.192393	2457804.408356	181796.981817	533.714169	493.532875	5.112303
2457804.41537053	0.976552	0.003693	1.105713	275.239013	2457804.410556	178247.444846	533.588062	493.559044	5.479897
2457804.41758057	0.980609	0.003725	1.100657	267.007879	2457804.412766	184506.554011	533.569392	493.234035	5.816838
2457804.41977961	0.972412	0.003652	1.095782	262.082494	2457804.414965	183816.976217	534.331195	492.896611	5.677546
2457804.42197866	0.978133	0.003642	1.091058	256.476813	2457804.417164	186689.621307	534.410106	492.595572	5.676408
2457804.42418970	0.973183	0.003552	1.086459	249.172979	2457804.419375	194612.596106	534.099854	492.421592	5.778135
2457804.42638874	0.972291	0.003346	1.082032	242.530122	2457804.421574	205481.113517	534.092985	492.048108	5.710056
2457804.42858778	0.970808	0.003463	1.077748	248.090888	2457804.423773	192431.786846	534.537097	491.514907	5.618663
2457804.43079882	0.971276	0.003572	1.073586	252.327261	2457804.425984	187094.378027	534.215384	491.734732	5.605741
2457804.43299786	0.966679	0.003487	1.069585	251.152087	2457804.428183	192556.913105	534.285069	491.784623	5.458689
2457804.43519690	0.970923	0.003507	1.065723	243.270894	2457804.430382	191539.123451	534.511385	491.628887	5.648345
2457804.43740795	0.967483	0.003477	1.061977	239.061136	2457804.432593	194471.4564	534.618458	491.583613	5.626356
2457804.43960699	0.973168	0.003432	1.058386	236.403891	2457804.434792	196503.817178	534.515544	491.536458	5.478799
2457804.44181703	0.966472	0.003522	1.054909	236.872762	2457804.437002	192723.257064	534.353538	491.433968	5.626643
2457804.44402807	0.972141	0.003403	1.051564	232.947006	2457804.439213	198302.757256	534.623277	491.274527	5.572395
2457804.44623911	0.976847	0.003339	1.048349	223.29788	2457804.441424	202215.298914	534.613235	491.265306	5.63232
2457804.44842615	0.974776	0.003204	1.045296	222.492857	2457804.443611	208325.369441	533.719065	491.071003	5.54639
2457804.45062519	0.982171	0.003632	1.042351	227.887956	2457804.44581	190192.819529	533.355728	490.832709	5.938445
2457804.45283623	0.984537	0.003387	1.039517	220.431537	2457804.448021	206898.392663	533.290606	490.84062	5.778983
2457804.45503527	0.988380	0.003192	1.036822	211.72029	2457804.45022	216629.273975	532.749457	490.856114	5.536288
2457804.45724631	0.989675	0.003211	1.034235	214.45101	2457804.452431	213564.470821	532.979203	490.601233	5.313442
2457804.45944535	0.997046	0.003235	1.031782	216.484667	2457804.45463	210025.146824	533.011069	491.212512	5.286773
2457804.46164440	0.997966	0.003424	1.029450	222.749756	2457804.456829	198426.112654	533.039679	491.615251	5.755134
2457804.46384344	0.990800	0.003299	1.027236	223.664899	2457804.459028	196893.696787	533.731479	491.335391	5.092479
2457804.46604248	0.997531	0.003552	1.025139	233.029892	2457804.461227	182188.618171	533.66487	491.46275	5.121742
2457804.46825352	1.000596	0.003587	1.023149	235.665297	2457804.463438	180443.824552	533.772412	491.467852	5.254722
2457804.47045256	0.994147	0.003516	1.021285	242.25415	2457804.465637	179865.549575	534.043338	491.681951	4.90952
2457804.47266260	0.991890	0.003469	1.019527	231.485798	2457804.467847	183318.648	533.671045	491.517741	5.213257
2457804.47486164	0.991251	0.003397	1.017892	227.717497	2457804.470046	190962.581164	534.305574	491.553097	5.24715
2457804.47707268	0.992672	0.003471	1.016363	230.854212	2457804.472257	186746.835633	534.769082	491.456769	5.345451
2457804.47928372	0.994787	0.003414	1.014947	220.445082	2457804.474468	192631.590141	535.853464	491.10875	5.274152
2457804.48148276	0.993140	0.003264	1.013651	215.09594	2457804.476667	202285.310743	536.148704	491.3969	5.220844
2457804.48369280	0.994141	0.003181	1.012461	206.324461	2457804.478877	210710.414411	536.456973	491.199961	5.335398
2457804.48589184	0.993274	0.003044	1.011387	202.735162	2457804.481076	218792.20103	536.451901	491.074066	5.136277
2457804.48809088	0.996221	0.003102	1.010424	202.055867	2457804.483275	215620.488521	536.168293	491.295319	5.359305
2457804.49029092	0.997123	0.003025	1.009570	196.371881	2457804.485475	221037.793453	536.605546	491.095984	5.214964
2457804.49250096	0.993876	0.003035	1.008822	199.938284	2457804.487685	218663.327339	536.305254	491.178812	5.065414
2457804.49470000	0.992959	0.003215	1.008187	207.108905	2457804.489884	201823.654102	536.739876	491.01896	5.340834
2457804.49691104	0.990368	0.003105	1.007659	205.354002	2457804.492095	209069.356265	537.200626	490.778227	5.057844
2457804.49911008	0.985443	0.003152	1.007242	207.417295	2457804.494294	203824.474725	537.291404	490.524686	5.143365
2457804.50130913	0.988337	0.003127	1.006933	202.098832	2457804.496493	209774.030033	537.613208	490.03158	5.22406
2457804.50352016	0.994298	0.003210	1.006732	201.514793	2457804.498704	210005.346168	537.078428	489.447531	5.607928
2457804.50922627	0.989562	0.003198	1.006717	197.065718	2457804.50441	209178.927177	549.411244	460.492592	5.737041
2457804.51142531	0.991950	0.003263	1.006906	198.4977	2457804.506609	211322.245374	550.15674	460.973812	5.980609
2457804.51363535	0.994059	0.003079	1.007204	194.760873	2457804.508819	215160.636286	550.536148	461.318381	5.562986
2457804.51584639	1.001989	0.003150	1.007612	192.559528	2457804.51103	214696.132875	550.317232	461.396121	5.615073
2457804.51804543	0.996571	0.003058	1.008127	193.342582	2457804.513229	213514.884318	551.057872	461.349946	5.372543
2457804.52025647	0.996784	0.003098	1.008754	196.13384	2457804.51544	213559.531292	550.622202	461.30345	5.333419
2457804.52245551	0.999280	0.003220	1.009486	196.458638	2457804.517639	203450.747539	550.512383	461.421501	5.323615
2457804.52465455	1.001453	0.003009	1.010329	186.207209	2457804.519838	215499.23746	550.685013	461.434253	5.178713
2457804.52686559	0.997643	0.003006	1.011286	186.212292	2457804.522049	216078.068759	549.880051	461.619611	5.239232
2457804.52906463	0.998216	0.003055	1.012348	183.756437	2457804.524248	211895.262369	550.017931	461.673345	5.232231
2457804.53127467	1.000599	0.003205	1.013528	191.839985	2457804.526458	193590.920429	549.603324	461.760941	5.155401
2457804.53347371	0.998479	0.003298	1.014813	194.635896	2457804.528657	191133.42455	549.045483	462.300932	5.353232
2457804.53567275	0.999924	0.003512	1.016209	198.370289	2457804.530856	182445.955422	548.332333	462.275747	5.557965
2457808.30471437	1.005256	0.004131	1.567349	473.485432	2457808.299838	217958.357403	516.722905	459.253457	5.584442
2457808.30602239	1.011751	0.004012	1.556961	472.30463	2457808.301146	216484.443945	517.864872	461.178712	5.571821
2457808.30823243	1.004314	0.003960	1.539788	465.852607	2457808.303356	217657.214606	519.486868	464.19744	5.665309
2457808.31043246	0.999619	0.003943	1.523169	451.862467	2457808.305556	220475.618725	520.933805	467.329766	5.546626
2457808.31264249	1.005137	0.003839	1.506916	441.659362	2457808.307766	220355.941282	521.927552	469.936975	5.535935
2457808.31484152	1.000547	0.003822	1.491183	430.617093	2457808.309965	222806.378715	522.44898	472.843964	5.576982
2457808.31704055	1.003637	0.003846	1.475871	434.282542	2457808.312164	222144.959658	523.622893	475.531914	5.299021
2457808.31925158	1.002919	0.003831	1.460891	429.45711	2457808.314375	221065.957128	523.647658	478.308306	5.555381
2457808.32146261	1.008699	0.004000	1.446311	415.15745	2457808.316586	221973.902274	523.903667	480.53604	5.974706
2457808.32366165	1.002972	0.004069	1.432192	406.666147	2457808.318785	223407.350873	523.679954	482.826387	6.145069
2457808.32587168	1.003290	0.003823	1.418374	402.399968	2457808.320995	225037.041604	523.530185	484.701936	5.887503
2457808.32807071	1.003304	0.003769	1.404991	400.036971	2457808.323194	225350.714678	524.212192	486.094258	5.716825
2457808.33027074	1.007359	0.003622	1.391960	390.95581	2457808.325394	225398.582178	525.050783	487.804458	5.295952
2457808.33248077	1.001351	0.003476	1.379204	370.845737	2457808.327604	227131.719115	525.394296	489.58295	5.206238
2457808.33469180	1.002755	0.003474	1.366783	363.771439	2457808.329815	228167.714793	524.382041	491.027692	5.112477
2457808.33689083	1.012461	0.003510	1.354750	360.711015	2457808.332014	228794.167592	525.114376	492.203924	5.276477
2457808.33910186	1.008949	0.003485	1.342970	351.231893	2457808.334225	229437.981087	525.261672	492.795849	5.228653
2457808.34131190	1.001484	0.003480	1.331497	352.933013	2457808.336435	230102.900794	525.739981	493.483445	5.314675
2457808.34351093	1.005681	0.003385	1.320382	349.309369	2457808.338634	229637.966243	525.874947	494.596122	5.057121
2457808.34572196	1.001665	0.003448	1.309500	335.02805	2457808.340845	231642.445993	525.816434	495.265342	5.240777
2457808.34793299	1.010302	0.003410	1.298901	322.601156	2457808.343056	232287.798016	525.63969	495.661399	5.280943
2457808.35013202	1.009365	0.003299	1.288633	314.162478	2457808.345255	235032.08439	525.551322	496.323899	4.978779
2457808.35234205	1.000512	0.003252	1.278579	316.071873	2457808.347465	236626.912732	526.345938	496.520398	4.935201
2457808.35454108	1.000817	0.003310	1.268839	315.793191	2457808.349664	236378.514929	526.505817	497.015211	5.026344
2457808.35675211	0.995763	0.003317	1.259303	311.384299	2457808.351875	236466.588163	526.46609	497.021564	5.167814
2457808.35896315	0.993573	0.003386	1.250017	313.280949	2457808.354086	234106.3069	527.051647	497.455881	5.41643
2457808.36116218	0.991030	0.003297	1.241021	308.776312	2457808.356285	234943.369894	526.42985	497.363636	5.156425
2457808.36336121	0.986010	0.003240	1.232261	307.542977	2457808.358484	236007.766934	527.098976	497.451358	5.027525
2457808.36557124	0.986705	0.003265	1.223687	305.464339	2457808.360694	236131.671476	526.514289	497.185878	5.124883
2457808.36777127	0.986346	0.003295	1.215382	300.372013	2457808.362894	237275.469135	527.065891	496.919044	5.245947
2457808.36997030	0.981222	0.003331	1.207297	297.505812	2457808.365093	236665.092216	526.3790	496.777741	5.35052
2457808.37218033	0.984060	0.003266	1.199385	291.682297	2457808.367303	237212.606139	526.651156	496.472319	5.302156
2457808.37437936	0.982269	0.003245	1.191725	286.79481	2457808.369502	237331.006505	527.287819	496.16798	5.274441
2457808.37659039	0.985596	0.003378	1.184232	285.267837	2457808.371713	236584.574919	526.757947	495.625971	5.655924
2457808.37878942	0.984722	0.003127	1.176978	276.650134	2457808.373912	238937.982944	527.119264	495.378389	5.042315
2457808.38098845	0.983919	0.003632	1.169921	271.520613	2457808.376111	207930.185318	527.516132	495.528625	5.402434
2457808.38318748	0.979289	0.003090	1.163056	272.691927	2457808.37831	240458.520389	528.276475	495.258292	4.933048
2457808.38539852	0.973242	0.003053	1.156345	264.038803	2457808.380521	242271.107198	529.275736	494.521913	4.891504
2457808.38759755	0.978725	0.003126	1.149854	265.054413	2457808.38272	241204.279688	530.422512	493.907785	5.008774
2457808.38980858	0.978673	0.003063	1.143511	258.450347	2457808.384931	240898.107795	531.308219	493.546045	5.051237
2457808.39199561	0.977435	0.003160	1.137410	262.718896	2457808.387118	239629.179754	531.266188	493.355856	5.357547
2457808.39420664	0.976669	0.003159	1.131419	256.39921	2457808.389329	241033.537206	532.038963	492.593461	5.284313
2457808.39640567	0.978611	0.003146	1.125631	257.12766	2457808.391528	241434.132344	531.914123	492.077825	5.179663
2457808.39860470	0.980504	0.003107	1.120010	249.263305	2457808.393727	241957.120741	532.096376	491.541663	5.16911
2457808.40080373	0.983319	0.003056	1.114553	247.790503	2457808.395926	240903.209849	532.283264	491.2226	5.056727
2457808.40300276	0.983175	0.003019	1.109257	241.743678	2457808.398125	241886.486364	531.895552	490.998099	4.937565
2457808.40520179	0.981177	0.003037	1.104120	237.533291	2457808.400324	242567.972332	531.422145	490.392838	5.150703
2457808.40741282	0.990247	0.003010	1.099113	234.120577	2457808.402535	243295.233966	531.795174	489.491298	4.865741
2457808.40961185	0.989553	0.002999	1.094285	232.36403	2457808.404734	242649.125883	531.176122	489.195332	5.024981
2457808.41182188	0.991975	0.003078	1.089584	230.262289	2457808.406944	242920.039741	531.074494	488.728959	5.095338
2457808.41402191	0.988895	0.003082	1.085056	229.754385	2457808.409144	243443.014882	531.083761	488.245116	5.170849
2457808.41623194	0.988727	0.003101	1.080652	225.969284	2457808.411354	237885.996758	531.316331	487.766092	5.166342
2457808.41843097	0.986749	0.003016	1.076414	222.8374	2457808.413553	245661.328443	531.767393	487.443283	5.115619
2457808.42063000	0.986723	0.002957	1.072317	224.367581	2457808.415752	246455.83374	531.183557	487.227801	4.748145
2457808.42284103	0.986871	0.002898	1.068340	223.94601	2457808.417963	245114.410794	530.804358	487.631762	4.754921
2457808.42504006	0.983860	0.003097	1.064521	227.209558	2457808.420162	241957.26419	529.98195	488.019693	5.29992
2457808.42725109	0.986614	0.003148	1.060819	226.347551	2457808.422373	242913.854064	529.283009	487.968984	5.512867
2457808.42945012	0.980893	0.003089	1.057269	226.336245	2457808.424572	244718.383719	529.01184	488.033751	5.405103
2457808.43164915	0.983672	0.003077	1.053852	222.848217	2457808.426771	246548.373875	528.612951	487.634921	5.274859
2457808.43385918	0.985158	0.003055	1.050548	217.039379	2457808.428981	245836.300728	528.729411	487.722572	5.389098
2457808.43605922	0.984856	0.003056	1.047390	216.425066	2457808.431181	246126.885938	528.87624	487.640967	5.347365
2457808.43826925	0.986903	0.003060	1.044344	216.958968	2457808.433391	245139.311067	528.427156	487.279557	5.397312
2457808.44046828	0.996541	0.003113	1.041440	221.098559	2457808.43559	244168.617959	527.609455	486.82132	5.417795
2457808.44266730	1.003668	0.003420	1.038660	218.434032	2457808.437789	243143.603998	526.873377	487.144602	6.476256
2457808.44486633	1.001628	0.003301	1.036002	215.752994	2457808.439988	244824.320757	527.9093	487.134694	6.097538
2457808.44707737	0.998523	0.003330	1.033453	215.69821	2457808.442199	242349.266532	527.078527	486.762757	6.127225
2457808.44928839	1.002412	0.003249	1.031026	211.855162	2457808.44441	242923.23858	527.324982	486.174556	5.874302
2457808.45148742	1.003390	0.003131	1.028732	211.411725	2457808.446609	244907.36566	527.385106	486.251771	5.532493
2457808.45368645	1.005544	0.003253	1.026555	211.811158	2457808.448808	243509.650057	527.051834	486.271438	5.938501
2457808.45588548	1.005274	0.003393	1.024496	210.168282	2457808.451007	241223.72269	527.049365	486.958706	6.596153
2457808.45808451	1.003577	0.003874	1.022553	210.066098	2457808.453206	216401.609585	526.931641	485.054644	6.425226
2457808.46029554	1.000269	0.003222	1.020715	208.325902	2457808.455417	246467.229352	526.94249	484.739385	5.803609
2457808.46250557	1.001250	0.003048	1.018994	206.151615	2457808.457627	246365.111826	528.267657	484.832838	5.347582
2457808.46470460	0.998957	0.003032	1.017395	206.195979	2457808.459826	245114.323677	529.613013	485.070143	5.294841
2457808.46690363	0.998926	0.003169	1.015910	200.605413	2457808.462025	246194.711763	531.15453	485.38519	5.760753
2457808.46911466	0.996679	0.003019	1.014530	199.143405	2457808.464236	249556.166023	532.51387	484.594298	5.116185
2457808.47131369	1.002971	0.003023	1.013268	199.865572	2457808.466435	245699.933101	534.324141	484.382803	5.322456
2457808.47351272	1.004347	0.003092	1.012118	200.990957	2457808.468634	244695.471675	535.45609	484.508872	5.432966
2457808.47572375	1.003179	0.003100	1.011074	204.106844	2457808.470845	244493.925234	536.670456	484.461178	5.324967
2457808.47792278	1.008824	0.003096	1.010145	200.967551	2457808.473044	242830.389853	536.839221	484.446247	5.515802
2457808.48013381	1.005701	0.003063	1.009321	196.517311	2457808.475255	244296.222039	537.115969	484.047543	5.511797
2457808.48233284	1.005244	0.003024	1.008612	198.173941	2457808.477454	244785.456435	537.800452	483.833368	5.230756
2457808.48453187	1.004320	0.003119	1.008011	199.296719	2457808.479653	243976.063949	538.911238	484.047829	5.607208
2457808.48673090	0.997512	0.003051	1.007519	198.574189	2457808.481852	244788.657167	538.751851	483.524031	5.485757
2457808.48894093	1.007811	0.003067	1.007134	198.070947	2457808.484062	241590.624356	540.363859	483.272997	5.37977
2457808.49114096	1.002182	0.003015	1.006859	191.74367	2457808.486262	242934.328827	540.826353	483.601086	5.305134
2457808.49335099	1.004603	0.003135	1.006692	191.30953	2457808.488472	241833.649889	540.667834	482.799218	5.765208
2457869.39219703	1.001980	0.002758	1.054689	170.089797	2457869.388727	305896.648498	587.120254	672.124195	7.159723
2457869.39359695	1.001375	0.002743	1.056870	167.337395	2457869.390127	306382.097135	587.325482	671.947807	7.005251
2457869.39498587	0.996435	0.002732	1.059086	167.696855	2457869.391516	307703.534236	587.38349	671.432052	6.944082
2457869.39638679	1.002974	0.002758	1.061375	165.956931	2457869.392917	307415.915088	586.379755	670.731181	7.088023
2457869.39777572	1.001623	0.002785	1.063698	163.690892	2457869.394306	306699.947453	585.206508	671.102631	7.308589
2457869.39917564	1.003326	0.002743	1.066095	162.292014	2457869.395706	304909.260285	584.81336	671.789188	7.12027
2457869.40056456	1.004820	0.002782	1.068527	160.191788	2457869.397095	305152.8344	585.275812	671.291773	7.260939
2457869.40196449	1.005217	0.002767	1.071034	163.333172	2457869.398495	303936.713867	584.672081	671.755994	7.167623
2457869.40433736	0.996172	0.002826	1.075411	161.309498	2457869.400868	304433.247941	583.417036	672.522811	7.442136
2457869.40573828	0.999220	0.002802	1.078071	165.622553	2457869.402269	304529.679277	582.983018	672.829109	7.048511
2457869.40713820	0.993809	0.002835	1.080789	167.132995	2457869.403669	303309.761586	582.726475	671.840894	7.306684
2457869.40852713	0.995057	0.002811	1.083542	166.715324	2457869.405058	305182.63417	582.454499	671.415775	7.119166
2457869.40992705	1.001895	0.002793	1.086377	160.675038	2457869.406458	303146.056741	582.682791	671.085764	7.312208
2457869.41131597	0.996313	0.002723	1.089246	159.609775	2457869.407847	305734.850878	582.56081	670.547286	6.867144
2457869.41271689	0.992512	0.002767	1.092200	159.222035	2457869.409248	304372.552333	581.871717	670.44482	7.189535
2457869.41410582	0.991400	0.002701	1.095189	158.676924	2457869.410637	303931.427757	581.911583	670.455314	6.884076
2457869.41550574	0.993611	0.002706	1.098264	156.161588	2457869.412037	302333.364559	582.013236	669.986246	6.838301
2457869.41689466	0.991577	0.002712	1.101374	160.478514	2457869.413426	303365.215902	581.738132	669.4145	6.931074
2457869.41829459	0.987474	0.002686	1.104573	158.664955	2457869.414826	304883.82059	581.374779	669.859437	6.815293
2457869.41968351	0.986002	0.002712	1.107808	159.940468	2457869.416215	303397.177801	580.890256	669.850431	6.858474
2457869.42108443	0.987134	0.002730	1.111133	155.648699	2457869.417616	304853.161838	579.729777	670.166923	7.121529
2457869.42248436	0.988396	0.002677	1.114524	155.56432	2457869.419016	304305.467386	579.380358	670.263891	6.760182
2457869.42387328	0.986750	0.002708	1.117950	155.909729	2457869.420405	302736.004781	578.912523	670.447773	6.95709
2457869.42527420	0.988775	0.002699	1.121471	153.276987	2457869.421806	302451.950085	579.010346	670.919834	7.022145
2457869.42666213	0.992718	0.002706	1.125029	152.228712	2457869.423194	302191.977691	578.360238	670.972433	6.956122
2457869.42806305	0.985133	0.002664	1.128685	151.812566	2457869.424595	302294.326414	578.379271	670.845548	6.771909
2457869.42945197	0.990983	0.002692	1.132377	150.127112	2457869.425984	300346.187851	577.373057	670.398296	6.855744
2457869.43085189	0.994968	0.002679	1.136170	150.858034	2457869.427384	300191.189307	577.178214	670.448115	6.74859
2457869.43224082	0.991329	0.002706	1.140000	151.714223	2457869.428773	300437.379409	577.164146	670.475275	6.958774
2457869.43364174	0.985916	0.002734	1.143933	152.153769	2457869.430174	299910.13409	576.916574	670.330691	7.169109
2457869.43502966	0.987731	0.002727	1.147905	149.773806	2457869.431562	302324.389245	576.655077	670.015252	7.135045
2457869.43643059	0.983715	0.002677	1.151982	152.120002	2457869.432963	303558.293825	576.185883	670.027988	6.948361
2457869.43781951	0.986535	0.002738	1.156099	150.722935	2457869.434352	301890.965046	574.694921	669.73567	7.187098
2457869.43921943	0.986291	0.002719	1.160324	149.897455	2457869.435752	302900.004638	575.632212	670.136814	7.05883
2457869.44060836	0.985148	0.002802	1.164589	151.676264	2457869.437141	304286.245289	574.311688	669.917229	7.473654
2457869.44200928	0.980626	0.002681	1.168965	149.590985	2457869.438542	303519.042282	574.776765	669.474231	7.027332
2457869.44340920	0.974844	0.002708	1.173420	150.639495	2457869.439942	303635.498596	575.007246	669.51146	7.255042
2457869.44479812	0.974780	0.002747	1.177915	150.802995	2457869.441331	303303.547301	574.252008	668.911335	7.465687
2457869.44619805	0.971702	0.002864	1.182528	151.595774	2457869.442731	300548.60745	574.076199	668.560944	8.002596
2457869.44758697	0.976540	0.002945	1.187182	152.076613	2457869.44412	297588.929405	573.505757	668.762017	8.332889
2457869.44898789	0.975217	0.002855	1.191957	153.183316	2457869.445521	299472.909679	573.773798	668.557997	7.928619
2457869.45037682	0.971723	0.002782	1.196774	152.965798	2457869.44691	300491.775384	573.621234	668.638956	7.493415
2457869.45177674	0.969101	0.002769	1.201716	150.844557	2457869.44831	301159.074061	573.507499	668.799403	7.59462
2457869.45316566	0.974530	0.002743	1.206701	150.995258	2457869.449699	299896.562368	573.885269	669.036625	7.339549
2457869.45456658	0.970804	0.002734	1.211815	152.274657	2457869.4511	302300.441679	573.772896	669.217305	7.360255
2457869.45595451	0.976081	0.002774	1.216973	150.085915	2457869.452488	300741.804103	573.625177	669.014333	7.393659
2457869.45735543	0.977999	0.002800	1.222263	153.139551	2457869.453889	300397.0711	573.676495	668.801945	7.546987
2457869.45874435	0.975471	0.002785	1.227599	151.195783	2457869.455278	300386.784136	573.878851	668.446525	7.373499
2457869.46014428	0.979921	0.002752	1.233071	153.256452	2457869.456678	297726.584842	574.071657	668.417224	7.338381
2457869.46153320	0.980852	0.002714	1.238590	151.943774	2457869.458067	299253.859033	573.791049	668.384002	6.984917
2457869.46293412	0.975127	0.002648	1.244249	154.140141	2457869.459468	299054.967996	573.634575	668.636748	6.618136
2457869.46433404	0.986875	0.002752	1.250005	153.094168	2457869.460868	296874.231627	573.41501	668.78575	7.101926
2457869.46572297	0.976568	0.002734	1.255810	153.169693	2457869.462257	299011.836902	571.704131	668.888802	7.104412
2457869.46712289	0.981076	0.002697	1.261762	153.202028	2457869.463657	298661.357858	571.47525	668.33204	6.934344
2457869.46851181	0.984165	0.002699	1.267765	150.959184	2457869.465046	298166.345885	571.040126	668.030192	6.947821
2457869.46990074	0.981929	0.002703	1.273868	151.963449	2457869.466435	299446.15056	570.904605	667.892074	6.899167
2457869.47130166	0.982500	0.002681	1.280126	152.522529	2457869.467836	300273.313962	571.577724	667.251043	6.704919
2457869.47269058	0.982028	0.002782	1.286437	154.255851	2457869.469225	296344.761456	571.411372	666.807049	7.021535
2457869.47409050	0.987044	0.002585	1.292908	150.470548	2457869.470625	298841.666153	572.361396	667.245316	5.911378
2457869.47547943	0.983829	0.002613	1.299433	151.221361	2457869.472014	298415.881094	572.070896	667.596638	6.086686
2457869.47687935	0.987097	0.002727	1.306123	149.790286	2457869.473414	299378.188401	571.413561	668.007041	6.666215
2457869.47826827	0.988003	0.002651	1.312870	152.059387	2457869.474803	295559.529535	569.912819	667.698188	6.434657
2457869.47966920	0.984810	0.002706	1.319787	153.342186	2457869.476204	298327.095465	569.972383	667.412178	6.545507
2457869.48105812	0.987571	0.002611	1.326762	151.720401	2457869.477593	296309.231854	569.099986	667.697566	6.104032
2457869.48245804	0.992236	0.002648	1.333915	152.157952	2457869.478993	294628.845218	569.410755	667.580626	6.171753
2457869.48384696	0.992674	0.002642	1.341127	152.908857	2457869.480382	294321.763653	570.608078	667.634459	6.196384
2457869.48524689	0.988874	0.002622	1.348522	152.67367	2457869.481782	296566.625304	570.466626	667.186634	6.087605
2457869.48663581	0.987702	0.002594	1.355980	154.046685	2457869.483171	298537.821708	569.283484	666.72741	5.885694
2457869.48803673	0.987847	0.002596	1.363627	151.491616	2457869.484572	298259.133987	568.89313	666.463289	5.902963
2457869.48942566	0.992512	0.002609	1.371338	150.644033	2457869.485961	296520.887918	568.219411	666.115797	5.915526
2457869.49082558	0.989877	0.002620	1.379246	151.605078	2457869.487361	296688.024218	567.686031	665.703334	5.980626
2457869.49221450	0.996975	0.002580	1.387220	152.675824	2457869.48875	295249.784475	567.554046	665.383451	5.636529
2457869.49360342	0.997838	0.002600	1.395330	152.364649	2457869.490139	295332.377832	567.763043	665.210106	5.704541
2457869.49500334	1.000008	0.002605	1.403646	152.429821	2457869.491539	293995.740203	567.96875	665.311521	5.646371
2457869.49639227	0.998919	0.002627	1.412033	150.789786	2457869.492928	295749.212872	567.647115	665.18453	5.856865
2457869.49779319	1.002606	0.002605	1.420635	151.861947	2457869.494329	293756.732987	565.424002	664.944741	5.683496
2457869.49918211	1.003916	0.002635	1.429311	151.743762	2457869.495718	295109.039074	566.836574	664.988094	5.872141
2457869.50058204	1.000392	0.002598	1.438208	155.085584	2457869.497118	293412.604125	565.494271	664.923492	5.630721
2457869.50337088	1.012035	0.002743	1.456389	151.370365	2457869.499907	296095.99442	565.985418	665.217306	6.259207
2457869.50197096	1.008285	0.002642	1.447184	153.642506	2457869.498507	293587.482194	565.715553	664.930397	5.900921
2457869.50475980	1.000686	0.002624	1.465675	152.256455	2457869.501296	293108.569878	565.414911	665.930394	5.839536
2457869.50616073	0.998821	0.002627	1.475201	152.225663	2457869.502697	293645.300055	564.802716	666.328489	5.894356
2457869.50754965	1.000390	0.002635	1.484811	154.441005	2457869.504086	292556.145396	564.153423	666.419601	5.926668
2457869.50894957	1.001625	0.002583	1.494669	151.40327	2457869.505486	293630.45421	563.736964	666.086926	5.551701
2457869.51033849	0.997028	0.002587	1.504615	153.448016	2457869.506875	291810.07391	563.809537	666.16521	5.633565
2457869.51173842	0.998924	0.002624	1.514819	153.122283	2457869.508275	291332.150718	563.962805	666.234902	5.815876
2457869.51312734	0.994077	0.002642	1.525116	153.634926	2457869.509664	291687.257422	564.10355	666.791095	5.908838
2457869.51452826	0.991259	0.002602	1.535681	153.817762	2457869.511065	291545.30833	564.105577	667.008796	5.781439
2457869.51592818	1.002882	0.002633	1.546431	152.441771	2457869.512465	290810.781213	563.386556	667.139005	5.781923
2457869.51731711	0.996422	0.002633	1.557282	151.705349	2457869.513854	291982.876505	563.479005	667.128191	5.979377
2457869.51871803	1.001403	0.002708	1.568416	153.136083	2457869.515255	290782.161367	563.427411	667.269801	6.278631
2457869.52010695	1.002830	0.002710	1.579654	151.40359	2457869.516644	290274.459717	563.296182	667.679892	6.333415
2457869.52150687	0.991812	0.002677	1.591187	153.364593	2457869.518044	289322.540692	563.84943	668.012868	6.266291
2457869.52289580	0.998645	0.002697	1.602830	153.930915	2457869.519433	288371.883561	563.082128	668.172455	6.209971
2457869.52429572	0.995468	0.002771	1.614781	155.793175	2457869.520833	287043.413605	563.438601	668.685128	6.57631
2457869.52568464	0.996284	0.002811	1.626846	155.689156	2457869.522222	284718.107224	563.510563	668.751483	6.860626
2457869.52708556	1.006172	0.002857	1.639231	155.034364	2457869.523623	284183.120351	564.011712	668.928568	6.941679
2457869.52847449	1.005355	0.002945	1.651738	155.935965	2457869.525012	279779.040598	564.167853	669.568388	7.277891
2457869.52987441	1.005886	0.003037	1.664578	157.285343	2457869.526412	279275.425012	564.333443	670.052101	7.653516
2457889.30292246	1.004108	0.004016	1.017512	10.79570	2457889.300671	281863.192227	582.973092	538.918084	10.7957
2457889.30432337	1.002833	0.003579	1.018522	9.743440	2457889.302072	279060.608824	582.305755	538.532023	9.74344
2457889.30572327	0.997512	0.003592	1.019578	9.798471	2457889.303472	283266.778156	582.171518	538.721217	9.798471
2457889.30711218	0.989886	0.003430	1.020671	9.424555	2457889.304861	288073.774318	581.50064	538.47099	9.424555
2457889.30851309	0.994817	0.003573	1.021819	9.425483	2457889.306262	286338.227713	580.784686	538.806815	9.425483
2457889.30990099	1.000634	0.003439	1.023004	9.447610	2457889.30765	285285.651643	580.416503	538.361786	9.44761
2457889.31130190	0.997195	0.003309	1.024245	8.965089	2457889.309051	286834.337293	580.040327	538.221217	8.965089
2457889.31270181	0.999597	0.003436	1.025533	9.340513	2457889.310451	285722.317375	579.552733	537.849675	9.340513
2457889.31409072	1.004211	0.003307	1.026858	9.040448	2457889.31184	285421.513212	578.83283	538.734076	9.040448
2457889.31549162	1.002849	0.003796	1.028240	9.940057	2457889.313241	281796.763512	578.973805	538.209773	9.940057
2457889.31688053	0.992327	0.003351	1.029659	8.929970	2457889.31463	280029.8122	577.722376	538.214277	8.92997
2457889.31828044	0.998859	0.003281	1.031137	8.584270	2457889.31603	283997.056492	577.808506	538.065146	8.58427
2457889.31966934	1.000875	0.003647	1.032651	9.601804	2457889.317419	274864.097088	576.902024	538.015016	9.601804
2457889.32106925	1.005898	0.003945	1.034226	10.041381	2457889.318819	265468.526987	576.560643	538.206462	10.041381
2457889.32245816	0.998818	0.003842	1.035836	9.910801	2457889.320208	277721.609842	576.167051	538.134763	9.910801
2457889.32385906	0.994282	0.004408	1.037509	11.136057	2457889.321609	271926.454157	575.800531	538.821621	11.136057
2457889.32525897	0.997742	0.004237	1.039232	11.049639	2457889.323009	277706.020748	575.592656	538.049905	11.049639
2457889.32664788	1.004310	0.004655	1.040989	11.428001	2457889.324398	274804.991608	574.520299	538.366619	11.428001
2457889.32804878	0.996210	0.004296	1.042812	10.98126	2457889.325799	277975.843702	574.59616	537.233606	10.98126
2457889.32943769	0.988830	0.005792	1.044669	13.003832	2457889.327188	269474.756461	573.490875	537.339864	13.003832
2457889.33083760	0.998245	0.005425	1.046592	12.476629	2457889.328588	269382.873553	573.920429	537.006334	12.476629
2457889.33362641	0.990819	0.004848	1.050577	12.005087	2457889.331377	261044.976563	573.770671	534.921738	12.005087
2457889.33501532	0.983541	0.004070	1.052638	10.646045	2457889.332766	269263.22249	574.052291	535.037515	10.646045
2457889.33641622	0.983805	0.003519	1.054768	9.454012	2457889.334167	273379.755152	573.673992	534.300421	9.454012
2457889.33780513	0.985643	0.003915	1.056933	10.477466	2457889.335556	268032.506562	574.232788	533.637631	10.477466
2457889.33920504	0.991424	0.003910	1.059170	10.223456	2457889.336956	262505.192474	573.005715	533.923368	10.223456
2457889.34059394	0.984719	0.004096	1.061441	11.137921	2457889.338345	272472.711922	573.593705	533.741791	11.137921
2457889.34199385	0.982631	0.003803	1.063785	10.091364	2457889.339745	271793.092235	574.081744	533.653492	10.091364
2457889.34338276	0.988894	0.003455	1.066164	9.349170	2457889.341134	273404.959241	573.918716	533.862794	9.34917
2457889.34478366	0.978723	0.003692	1.068618	10.024913	2457889.342535	271996.119811	573.498884	533.372371	10.024913
2457889.34617257	0.980984	0.004012	1.071106	10.777049	2457889.343924	267875.83368	573.458617	533.62595	10.777049
2457889.34757247	0.984400	0.003865	1.073671	10.397424	2457889.345324	267506.072387	573.792644	534.032844	10.397424
2457889.34896138	0.973686	0.004004	1.076272	10.404173	2457889.346713	269048.783908	573.399298	533.734683	10.404173
2457889.35036129	0.979611	0.003892	1.078950	10.382164	2457889.348113	264671.721313	572.541452	533.358603	10.382164
2457889.35176220	0.970808	0.004365	1.081687	11.092259	2457889.349514	264131.382983	572.588662	533.483425	11.092259
2457889.35316210	0.981696	0.003768	1.084482	9.882320	2457889.350914	262551.729951	572.310168	533.029254	9.88232
2457889.35455101	0.984418	0.003817	1.087313	10.09714	2457889.352303	267207.614983	571.69889	533.346349	10.09714
2457889.35595191	0.976030	0.003676	1.090226	9.842496	2457889.353704	270010.871597	570.953485	533.217167	9.842496
2457889.35735182	0.978661	0.003887	1.093200	10.158269	2457889.355104	267125.140592	570.520361	533.218238	10.158269
2457889.35874073	0.980224	0.003768	1.096209	9.789731	2457889.356493	268640.154614	571.28876	532.835571	9.789731
2457889.36014163	0.977659	0.003950	1.099304	9.916637	2457889.357894	260029.26903	570.970121	532.632343	9.916637
2457889.36152954	0.975807	0.003785	1.102435	9.687530	2457889.359282	269296.03869	570.714062	532.546626	9.68753
2457889.36293045	0.980892	0.004004	1.105655	10.505168	2457889.360683	269138.882158	570.589412	532.325404	10.505168
2457889.36431935	0.981640	0.004206	1.108911	10.846667	2457889.362072	263145.015846	569.657715	532.385364	10.846667
2457889.36571926	0.984515	0.003832	1.112258	10.055958	2457889.363472	269783.616069	568.932098	531.870463	10.055958
2457889.36712016	0.978642	0.003683	1.115670	9.635057	2457889.364873	272538.580883	569.690437	531.504948	9.635057
2457889.36850907	0.984481	0.003356	1.119118	8.957335	2457889.366262	281202.222866	569.602717	531.437153	8.957335
2457889.36990898	0.977803	0.003885	1.122661	10.729257	2457889.367662	277966.975391	569.454588	531.231131	10.729257
2457889.37130888	0.978400	0.003528	1.126272	9.501766	2457889.369062	276430.365126	569.218355	531.430624	9.501766
2457889.37269779	0.984201	0.004231	1.129920	10.615404	2457889.370451	258208.663691	567.764536	531.63714	10.615404
2457889.37408670	0.987511	0.004349	1.133635	10.999238	2457889.37184	263138.024107	567.565074	532.08221	10.999238
2457889.37548760	0.976481	0.004757	1.137451	11.410508	2457889.373241	255697.102573	567.291954	531.664346	11.410508
2457889.37688751	0.987461	0.003659	1.141337	9.706993	2457889.374641	272188.895775	566.813964	531.271175	9.706993
2457889.37827642	0.982534	0.004092	1.145262	10.798353	2457889.37603	273480.477582	566.0205	530.646931	10.798353
2457889.37967732	0.984874	0.003825	1.149291	9.925933	2457889.377431	265721.622058	565.853318	530.379444	9.925933
2457889.38106523	0.986311	0.003763	1.153359	9.516361	2457889.378819	259528.450987	565.053658	530.205936	9.516361
2457889.38246613	0.981392	0.004294	1.157534	10.956691	2457889.38022	263218.679259	565.473548	530.06602	10.956691
2457889.38385504	0.984683	0.004532	1.161750	11.117506	2457889.381609	253676.298767	564.748414	530.340192	11.117506
2457889.38525495	0.989364	0.004560	1.166076	11.228222	2457889.383009	253538.11504	564.67156	530.657714	11.228222
2457889.38664385	0.986684	0.004302	1.170443	10.692586	2457889.384398	254481.886151	564.330933	530.166695	10.692586
2457889.38804476	0.985563	0.004270	1.174923	10.430393	2457889.385799	251189.385146	563.839345	529.333285	10.430393
2457889.38943367	0.985676	0.004551	1.179445	11.195303	2457889.387188	254276.20923	563.571075	530.067849	11.195303
2457889.39083357	0.987717	0.004780	1.184084	11.459304	2457889.388588	245810.771171	562.50535	529.915386	11.459304
2457889.39222248	0.987366	0.004830	1.188765	10.636262	2457889.389977	233295.706062	562.848679	530.127675	10.636262
2457889.39362238	0.997958	0.005856	1.193568	11.747543	2457889.391377	214805.294811	562.525714	530.24841	11.747543
2457889.39501129	0.996961	0.005823	1.198413	11.566771	2457889.392766	212853.042542	562.150573	529.813923	11.566771
2457889.39641220	0.996583	0.005770	1.203383	11.049521	2457889.394167	207256.569186	561.967551	530.04255	11.049521
2457889.39920101	0.985855	0.006604	1.213539	12.15637	2457889.396956	204790.984092	561.796338	529.763935	12.15637
2457889.40058992	0.990409	0.006381	1.218726	12.000356	2457889.398345	204530.184954	561.709217	529.914086	12.000356
2457889.40198982	1.001117	0.006594	1.224046	12.201782	2457889.399745	205678.549364	562.00828	529.697414	12.201782
2457889.40337873	0.994492	0.005548	1.229412	10.953042	2457889.401134	214312.738344	561.565454	528.680092	10.953042
2457889.40477963	0.998179	0.005469	1.234915	11.363782	2457889.402535	220000.341961	562.031279	529.579634	11.363782
2457889.40616854	0.998155	0.005518	1.240465	11.598617	2457889.403924	226262.028048	561.212906	529.293428	11.598617
2457889.40756845	0.992544	0.005640	1.246157	11.572316	2457889.405324	218874.040224	561.14413	528.879002	11.572316
2457889.40895735	1.000928	0.006433	1.251897	11.618615	2457889.406713	206821.375076	560.486224	529.607461	11.618615
2457889.41035726	0.989904	0.005939	1.257782	11.407131	2457889.408113	208064.942719	559.856296	529.626756	11.407131
2457889.41174617	1.007967	0.006216	1.263718	11.77812	2457889.409502	207200.652338	559.554425	529.451096	11.77812
2457889.41314707	1.002613	0.006783	1.269804	12.24702	2457889.410903	201631.809888	559.695461	529.792495	12.24702
2457889.41453598	1.011114	0.007548	1.275942	12.148899	2457889.412292	181550.815264	559.468232	528.162629	12.148899
2457889.41593588	1.005488	0.007212	1.282235	10.619486	2457889.413692	169431.307214	558.480224	528.405595	10.619486
2457889.41732479	1.002308	0.005915	1.288581	11.063823	2457889.415081	205011.004513	558.517527	529.262728	11.063823
2457889.41872470	1.000967	0.005409	1.295088	11.39311	2457889.416481	229561.726111	557.862781	529.386069	11.39311
2457889.42012560	0.999073	0.004696	1.301704	10.434558	2457889.417882	238346.273323	557.355678	528.991929	10.434558
2457889.42151451	1.003107	0.005359	1.308377	11.167464	2457889.419271	223926.558172	557.03514	528.410953	11.167464
2457889.42291441	1.007437	0.005116	1.315218	10.752508	2457889.420671	230640.595037	556.988094	528.964977	10.752508
2457889.42430332	1.009224	0.005835	1.322117	12.059574	2457889.42206	232160.036239	556.634709	529.194644	12.059574
2457889.42570423	1.014624	0.006725	1.329190	13.040518	2457889.423461	228666.627801	556.187902	528.191979	13.040518
2457889.42709313	1.017160	0.006993	1.336323	13.005373	2457889.42485	222929.347581	555.223081	528.347507	13.005373
2457889.42849304	1.002354	0.006802	1.343637	12.741858	2457889.42625	217632.954311	555.683589	527.605146	12.741858
2457889.42988194	1.018198	0.006782	1.351013	13.895746	2457889.427639	238190.348093	554.878735	528.39319	13.895746
2457889.43128185	1.005130	0.006129	1.358575	13.697394	2457889.429039	252159.299704	554.843932	528.169111	13.697394
2457889.43267076	1.002921	0.005228	1.366202	11.917638	2457889.430428	257005.487818	554.927445	527.900559	11.917638
2457889.43407166	1.002843	0.005342	1.374022	12.22214	2457889.431829	253742.484154	553.687379	527.008229	12.22214
2457889.39780110	0.976332	0.006237	1.208396	10.907035	2457889.395556	194763.722912	562.337323	530.048273	10.907035
2457889.43546057	1.021241	0.004987	1.381908	12.322916	2457889.433218	260410.574711	554.181772	527.246288	12.322916
2457889.43686048	1.005657	0.004947	1.389995	12.232894	2457889.434618	262984.90041	553.837966	527.582667	12.232894
2457889.43824938	1.002465	0.006187	1.398152	13.064486	2457889.436007	246369.588569	553.248994	527.62608	13.064486
2457889.43964929	1.005025	0.006644	1.406515	14.283151	2457889.437407	247009.967675	553.429336	527.366736	14.283151
2457889.44103819	1.013878	0.005105	1.414951	12.483769	2457889.438796	261938.337151	553.340218	527.912117	12.483769
2457889.44243910	1.011933	0.005561	1.423603	13.130766	2457889.440197	255659.434671	552.804376	527.31618	13.130766
2458149.40984666	1.001949	0.006857	1.316507	561.697029	2458149.405637	152684.603965	567.977247	476.741113	6.740513
2458149.41123472	0.997379	0.006637	1.309699	555.261925	2458149.407025	154648.091688	568.636724	477.148762	6.517589
2458149.41263578	1.003968	0.007385	1.302949	545.856919	2458149.408426	152661.121355	568.483129	477.618802	7.162432
2458149.41402484	0.996292	0.007207	1.296365	546.152539	2458149.409815	152817.028163	568.613342	477.782955	7.015391
2458149.41542490	0.991724	0.006318	1.289836	545.390312	2458149.411215	154870.032117	568.487809	478.2759	6.293894
2458149.41681396	0.998307	0.006379	1.283468	538.687379	2458149.412604	155864.155706	568.447299	478.368837	6.0154
2458149.41821502	1.003403	0.006334	1.277154	534.00918	2458149.414005	154928.551608	568.284193	478.44968	6.264603
2458149.41960408	0.995225	0.005757	1.270995	528.97266	2458149.415394	156324.182862	568.570256	478.797608	5.864395
2458149.42100414	1.000843	0.005777	1.264888	527.153154	2458149.416794	154905.978449	567.404976	478.911194	5.924375
2458149.42239319	0.993857	0.005814	1.258932	525.56869	2458149.418183	156486.533737	567.663892	479.152851	5.885306
2458149.42379325	1.001489	0.005810	1.253027	521.640218	2458149.419583	154885.150438	567.956546	479.413843	5.872045
2458149.42518231	1.004808	0.006019	1.247267	515.188328	2458149.420972	154801.442532	567.039264	479.982496	6.093776
2458149.42658337	1.008804	0.006401	1.241556	505.62058	2458149.422373	154421.392608	567.165453	480.298795	6.518425
2458149.42798343	1.001336	0.006766	1.235941	506.306201	2458149.423773	154002.957025	566.91037	480.713792	6.771099
2458149.42937249	0.996672	0.006720	1.230466	508.209942	2458149.425162	155477.632656	566.396715	481.018461	6.809035
2458149.43077255	1.002741	0.006231	1.225037	502.996399	2458149.426562	155602.684778	566.29332	480.97384	6.460522
2458149.43216161	0.999125	0.005895	1.219743	499.391405	2458149.427951	156333.934955	565.408435	481.426743	6.093563
2458149.43356267	1.002421	0.006104	1.214495	501.361695	2458149.429352	155217.371098	565.467965	481.939785	6.276701
2458149.43495172	1.003708	0.006678	1.209378	493.380266	2458149.430741	154222.753968	566.035078	482.564528	6.982016
2458149.43635178	1.006201	0.006609	1.204305	491.760448	2458149.432141	154657.97338	566.106072	482.428626	6.683281
2458149.43774084	1.005971	0.005816	1.199359	488.130011	2458149.43353	155639.368083	565.455266	482.465337	6.134766
2458149.43914190	0.996190	0.006478	1.194457	482.746254	2458149.434931	156824.486679	565.290818	482.926367	6.69059
2458149.44052996	0.990792	0.006056	1.189678	479.378441	2458149.436319	156580.771067	565.200124	483.056878	6.515493
2458149.44193102	1.004280	0.005818	1.184942	475.564123	2458149.43772	157017.586633	563.852583	483.151966	6.306858
2458149.44332008	1.005153	0.005727	1.180325	474.816941	2458149.439109	156939.642272	563.36698	483.711229	6.225283
2458149.44470914	1.004987	0.005777	1.175788	472.34211	2458149.440498	156564.379661	562.522581	484.096453	6.126156
2458149.44610920	0.995175	0.005583	1.171292	468.689484	2458149.441898	157108.735439	562.01314	484.254743	6.057125
2458149.44749826	0.994245	0.005456	1.166910	462.789945	2458149.443287	157384.36425	561.617105	484.5244	5.824136
2458149.44889932	0.992899	0.005419	1.162568	461.035365	2458149.444688	156475.406668	561.154707	484.726368	6.029113
2458149.45028737	0.998005	0.005633	1.158338	460.313157	2458149.446076	157225.694121	560.644664	484.81605	6.069133
2458149.45168843	1.003708	0.005622	1.154147	454.162232	2458149.447477	156716.388661	560.198762	485.029755	6.284057
2458149.45308849	0.994140	0.005519	1.150031	452.940157	2458149.448877	157236.963431	559.887965	485.059242	5.94541
2458149.45447755	0.995129	0.005570	1.146021	452.362957	2458149.450266	156964.939799	559.494427	485.364622	6.158391
2458149.45587861	1.002445	0.005598	1.142050	449.885949	2458149.451667	157428.413389	559.646879	485.806521	5.954279
2458149.45726767	1.004090	0.005513	1.138182	449.099933	2458149.453056	157692.341961	559.881346	486.043542	5.977893
2458149.45866773	0.991366	0.005635	1.134352	445.75725	2458149.454456	157245.615185	559.216779	486.169251	6.276214
2458149.46005679	0.988337	0.005742	1.130623	441.44191	2458149.455845	159301.080604	559.119091	486.54962	6.346769
2458149.46145684	1.002154	0.006305	1.126931	438.388545	2458149.457245	156234.257244	558.956135	486.815206	6.967786
2458149.46284590	0.995013	0.005690	1.123338	439.731912	2458149.458634	156694.21971	558.877279	487.127449	6.516345
2458149.46424696	0.988835	0.005709	1.119781	436.252458	2458149.460035	158399.841417	558.849749	487.196933	6.355857
2458149.46563602	1.000286	0.005480	1.116320	431.435793	2458149.461424	157157.657401	558.94692	487.543784	6.217665
2458149.46703608	0.996456	0.005703	1.112895	431.347419	2458149.462824	157468.012042	557.97831	487.779307	6.399099
2458149.46843714	0.985869	0.005729	1.109535	432.746103	2458149.464225	158112.946194	557.635077	488.200136	6.329009
2458149.46982520	0.987925	0.005650	1.106267	431.823717	2458149.465613	158460.781812	558.122309	488.56375	6.153328
2458149.47122626	0.993265	0.005469	1.103034	427.808881	2458149.467014	158913.774979	557.40004	488.633899	6.19756
2458149.47261531	0.997255	0.005419	1.099891	427.863506	2458149.468403	158547.913509	557.81994	488.810703	6.050583
2458149.47401537	0.991030	0.005194	1.096783	428.430683	2458149.469803	159185.577264	557.355804	489.374319	5.642951
2458149.47540443	1.000240	0.005740	1.093762	426.777477	2458149.471192	157364.153639	557.171917	489.711839	6.296792
2458149.47680549	0.998953	0.005921	1.090777	428.182038	2458149.472593	157710.919273	557.152322	489.728057	6.543404
2458149.47820555	0.996504	0.005522	1.087852	427.217243	2458149.473993	157699.218659	555.966966	490.056756	6.056778
2458149.47959461	1.000657	0.005297	1.085010	424.191619	2458149.475382	158034.7949	555.33399	490.423317	6.031187
2458149.48099467	0.997218	0.005454	1.082203	423.519459	2458149.476782	158660.006771	554.773041	490.947522	6.098721
2458149.48238373	1.003671	0.005947	1.079477	427.716168	2458149.478171	157064.351013	554.602066	491.341562	6.596687
2458149.48378478	0.998907	0.006163	1.076786	432.316002	2458149.479572	155025.846966	554.148635	491.981711	6.651634
2458149.48518484	1.005389	0.006237	1.074153	432.82224	2458149.480972	156063.400234	553.890366	492.301921	6.664567
2458149.48657390	1.005378	0.006220	1.071598	430.281046	2458149.482361	156698.631224	554.199227	492.351896	6.658479
2458149.48797496	1.000945	0.005919	1.069077	431.049317	2458149.483762	156816.673315	553.268459	492.773287	6.499682
2458149.48936302	0.997733	0.005626	1.066633	435.674326	2458149.48515	155818.672407	553.102894	492.993412	6.107669
2458149.49076408	0.997534	0.005498	1.064223	433.361121	2458149.486551	155413.218241	553.205649	492.920092	6.093288
2458149.49215314	0.996240	0.005546	1.061887	432.749527	2458149.48794	155081.936288	552.341623	493.221201	5.927228
2458149.49355320	0.991829	0.005751	1.059586	431.947098	2458149.48934	155500.217716	552.306708	493.375429	6.199554
2458149.49494225	0.986148	0.005871	1.057358	433.166552	2458149.490729	155709.285379	551.355454	493.537864	6.351647
2458149.49634331	0.985140	0.005921	1.055164	430.234143	2458149.49213	156428.516514	550.758154	494.00852	6.596812
2458149.49774337	0.982925	0.005779	1.053023	426.555491	2458149.49353	156386.995045	550.806862	494.025899	6.439
2458149.49914443	0.978128	0.005908	1.050935	427.252869	2458149.494931	156644.933905	550.126625	494.038923	6.427638
2458149.50053249	0.970784	0.006316	1.048916	434.466019	2458149.496319	156320.128457	550.192017	494.258167	6.792781
2458149.50193355	0.988525	0.006244	1.046931	434.66256	2458149.49772	157231.981019	549.425242	494.286764	6.741104
2458149.50332260	0.967032	0.006104	1.045014	432.987762	2458149.499109	158405.861631	549.137914	494.486127	6.704822
2458149.50472266	0.985092	0.005888	1.043132	422.31133	2458149.500509	158150.159676	548.297552	494.720008	6.521056
2458149.50611172	0.976473	0.005823	1.041315	418.496835	2458149.501898	159306.650472	548.343723	494.417811	6.521648
2458149.50751278	0.972213	0.005596	1.039533	423.082902	2458149.503299	160520.835565	547.957015	494.587342	6.173948
2458149.50890184	0.980548	0.005515	1.037815	430.968548	2458149.504688	158092.927424	547.194787	494.777814	6.163575
2458149.51030190	0.966325	0.005107	1.036133	434.979614	2458149.506088	158611.653968	546.871252	494.968352	5.671197
2458149.51169095	0.972102	0.005354	1.034513	429.308033	2458149.507477	157532.822211	546.373717	494.94291	6.032711
2458149.51309101	0.971366	0.005454	1.032929	427.801293	2458149.508877	158681.322533	545.996885	495.3324	6.050583
2458149.51449207	0.974389	0.005467	1.031393	427.875242	2458149.510278	157373.639334	546.00024	495.575472	6.098778
2458149.51588113	0.970297	0.005543	1.029918	425.310364	2458149.511667	159987.590874	545.728589	495.725807	6.055838
2458149.51728119	0.975317	0.005572	1.028478	431.99236	2458149.513067	157335.233182	545.643749	495.977464	6.076526
2458149.51867025	0.984404	0.005461	1.027098	447.029463	2458149.514456	154521.026099	545.503405	496.353414	6.23101
2458149.52007031	0.976537	0.005506	1.025754	434.270636	2458149.515856	155935.347164	545.920743	496.353847	6.147432
2458149.52147136	0.977944	0.006069	1.024457	427.263296	2458149.517257	156682.929364	545.638125	496.274131	6.536045
2458149.52286042	0.977368	0.005474	1.023217	418.747963	2458149.518646	157571.479731	545.279354	496.342103	6.136646
2458149.52426048	0.970391	0.005666	1.022013	415.82873	2458149.520046	158237.388129	545.447343	496.549035	6.308971
2458149.52564954	0.979522	0.005840	1.020866	408.516282	2458149.521435	158706.996171	545.194343	496.545091	6.437955
2458149.52705060	0.970380	0.005430	1.019755	408.254716	2458149.522836	157917.157788	544.663221	496.812944	6.169806
2458149.52845066	0.977093	0.005539	1.018691	406.862561	2458149.524236	157618.18262	544.65249	496.938301	6.314394
2458149.52983971	0.974675	0.005720	1.017681	408.556075	2458149.525625	158107.542291	544.307899	496.986618	6.399473
2458149.53123977	0.979662	0.005554	1.016708	400.958043	2458149.527025	157813.644134	543.974066	497.111189	6.425665
2458149.53262883	0.981840	0.005602	1.015788	396.638052	2458149.528414	157148.379424	544.610571	496.96808	6.614783
2458149.53402989	0.984559	0.005482	1.014906	394.402435	2458149.529815	157595.438568	544.100497	497.356229	6.412475
2458149.53541895	0.978272	0.005535	1.014076	391.733168	2458149.531204	158585.920672	544.880846	497.631151	6.424178
2458149.53681900	0.983795	0.005589	1.013284	397.908764	2458149.532604	156865.135534	544.097347	497.148472	6.547554
2458149.53820806	0.980923	0.005223	1.012544	393.116143	2458149.533993	158291.527634	544.111655	497.486734	6.196423
2458149.53960912	0.969590	0.005325	1.011841	394.080133	2458149.535394	157711.459711	543.818013	497.256809	6.153689
2458149.54099718	0.975105	0.005500	1.011189	387.273088	2458149.536782	157568.146557	543.89037	497.515269	6.452415
2458149.54239824	0.988970	0.005415	1.010576	385.009829	2458149.538183	156321.573998	543.774432	497.483733	6.410745
2458149.54378729	0.986513	0.005452	1.010011	384.4549	2458149.539572	156647.757436	543.610517	497.488626	6.397224
2458149.54518735	0.983307	0.005306	1.009487	382.030514	2458149.540972	157399.680852	543.69727	497.824005	6.118177
2458149.54658841	0.992451	0.005277	1.009006	384.54182	2458149.542373	155690.052908	543.382106	497.567229	6.065545
2458149.54797747	0.981083	0.005323	1.008574	380.750858	2458149.543762	157058.614857	543.287867	497.544908	6.169929
2458149.54937753	0.980764	0.005330	1.008182	380.978745	2458149.545162	157923.978139	543.569005	497.47489	6.07636
2458149.55076659	0.979727	0.005260	1.007836	382.290464	2458149.546551	156971.78022	543.578646	497.253573	6.138721
2458149.55216664	0.995118	0.005218	1.007532	376.614006	2458149.547951	156120.695952	543.22301	497.367428	6.079441
2458149.55355570	0.990834	0.005306	1.007273	374.657398	2458149.54934	156769.610896	543.084283	497.452841	6.120796
2458149.55495676	0.989060	0.005260	1.007056	372.869267	2458149.550741	156923.468834	543.049203	497.684471	6.090942
2458149.55635682	0.991617	0.005397	1.006883	371.474305	2458149.552141	157308.098038	542.934621	497.898482	6.209566
2458149.55774588	0.979756	0.005578	1.006755	372.288016	2458149.55353	158871.678963	543.108642	497.796316	6.548685
2458149.55914693	0.988147	0.005502	1.006669	366.476839	2458149.554931	157823.39849	543.463072	498.296455	6.482833
2458149.56053499	0.992940	0.005223	1.006627	367.457301	2458149.556319	155716.460292	543.354508	498.639009	6.359259
2458149.56192405	0.995873	0.005282	1.006629	367.135875	2458149.557708	156830.401111	541.33362	498.288711	6.259951
2458149.56332511	0.988130	0.005565	1.006674	368.730362	2458149.559109	157540.655807	539.210137	498.306908	6.462475
2458149.56471417	0.984241	0.005539	1.006762	371.349293	2458149.560498	158121.182057	536.813288	498.377925	6.311085
2458149.56611422	0.995810	0.005399	1.006894	368.533314	2458149.561898	156912.901176	535.041644	498.570354	6.380722
2458149.56750328	1.011126	0.005681	1.007069	369.920116	2458149.563287	155277.971176	533.297323	498.642451	6.653763
2458149.56890434	1.009612	0.005862	1.007288	369.968442	2458149.564688	156035.709653	531.487666	498.065238	7.002717
2458149.57029240	1.007888	0.005869	1.007550	370.252451	2458149.566076	156926.975347	529.022523	497.996127	6.624017
2458149.57169345	1.007512	0.005666	1.007857	367.336217	2458149.567477	157362.834944	527.309811	498.106301	6.718831
2458149.57308251	0.997608	0.005788	1.008205	369.965875	2458149.568866	157781.637515	525.932697	497.902255	6.604081
2458149.57448257	1.009830	0.005904	1.008600	361.290071	2458149.570266	158157.149683	524.103634	498.006517	6.813451
2458149.57588363	0.994522	0.005805	1.009039	363.641099	2458149.571667	157771.012735	522.089317	497.915099	6.836379
2458149.57727269	0.997464	0.006048	1.009519	361.765779	2458149.573056	158377.864218	520.289929	497.924659	6.825341
2458149.57867274	0.992425	0.005615	1.010046	363.125573	2458149.574456	156710.106008	518.172823	497.54318	6.439278
2458149.58006180	0.997565	0.005607	1.010613	355.595248	2458149.575845	157270.999758	516.334018	497.310846	6.524056
2458149.58146186	0.991901	0.005356	1.011229	356.177532	2458149.577245	157040.163227	514.937299	497.850668	6.368398
2458149.58285092	0.999291	0.005107	1.011884	353.897821	2458149.578634	157517.053073	513.656444	498.02531	6.07701
2458149.58425198	0.999804	0.005175	1.012589	353.102795	2458149.580035	157486.4109	511.938209	498.195776	6.075377
2458149.58564103	0.990742	0.005319	1.013333	355.001189	2458149.581424	158264.901766	509.866167	498.021753	6.193033
