BJD_TDB	Norm_Flux	Norm_Flux_err	Airmass	Sky_Pixel_T1	JD_UTC	tot_C_counts	X(FITS)_T1	Y(FITS)_T1	Width_T1
2457669.39012987	0.998698	0.002104	2.645386	687.306723	2457669.384097	1059908.389401	513.814006	514.623316	4.574315
2457669.39153082	0.996710	0.002125	2.604607	685.273913	2457669.385498	1064741.560837	513.811301	515.140375	4.615084
2457669.39293077	0.996968	0.002094	2.565091	683.955466	2457669.386898	1061556.69487	513.890543	515.422143	4.520358
2457669.39431971	0.997095	0.002073	2.527097	694.116279	2457669.388287	1057045.216502	514.275434	515.792367	4.355877
2457669.39571966	0.996715	0.002088	2.489939	692.669725	2457669.389687	1055298.727534	514.55341	515.763454	4.405684
2457669.39710861	0.995687	0.002125	2.454185	696.008299	2457669.391076	1051187.822502	514.970458	516.171945	4.551098
2457669.39850955	0.995044	0.002141	2.419193	692.546296	2457669.392477	1047119.896553	514.817584	516.326455	4.612389
2457669.39990950	0.997912	0.002146	2.385222	697.105263	2457669.393877	1041282.866168	514.703371	516.627938	4.695498
2457669.40129845	0.995893	0.002162	2.352500	697.147541	2457669.395266	1044688.632864	514.81607	516.508136	4.700717
2457669.40269939	0.995349	0.002162	2.320442	694.47479	2457669.396667	1043679.497527	515.078933	516.56909	4.744774
2457669.40408834	0.997765	0.002141	2.289543	695.52459	2457669.398056	1036833.773663	514.474004	516.903509	4.717852
2457669.40548828	0.996963	0.002157	2.259253	699.995495	2457669.399456	1030641.528631	514.791463	516.788178	4.700775
2457669.40687723	0.994896	0.002141	2.230039	697.304527	2457669.400845	1032767.562891	514.745762	516.969615	4.645886
2457669.40827718	0.996910	0.002173	2.201383	692.80543	2457669.402245	1025721.969084	514.654004	517.001401	4.782668
2457669.40966613	0.995033	0.002204	2.173729	695.021459	2457669.403634	1028013.783948	514.544325	517.209103	4.878141
2457669.41106707	0.992523	0.002136	2.146589	695.481172	2457669.405035	1028429.566624	515.021081	517.034763	4.597587
2457669.41245602	0.997939	0.002131	2.120383	693.494024	2457669.406424	1031955.596631	514.712029	517.08208	4.522576
2457669.41385596	0.992702	0.002152	2.094650	696.350649	2457669.407824	1026086.326372	514.226334	517.254574	4.668256
2457669.41525691	0.989058	0.002131	2.069586	695.156863	2457669.409225	1029236.240915	514.405437	517.463821	4.606764
2457669.41665686	0.992312	0.002104	2.045168	692.017021	2457669.410625	1029332.510051	513.870135	517.437466	4.451599
2457669.41804580	0.984881	0.002141	2.021566	690.939271	2457669.412014	1024927.351493	513.781469	517.384018	4.699574
2457669.41944575	0.980187	0.002189	1.998368	686.160784	2457669.413414	1027932.476621	513.50424	517.302613	4.945139
2457669.42083470	0.978183	0.002178	1.975935	680.8640	2457669.414803	1030045.84303	513.285282	517.438018	4.980462
2457669.42223564	0.975604	0.002136	1.953874	681.278884	2457669.416204	1030182.01665	513.03504	517.507704	4.840846
2457669.42362459	0.979781	0.002215	1.932533	679.254808	2457669.417593	1028666.506796	512.977854	517.474958	5.003886
2457669.42502454	0.973574	0.002162	1.911536	680.618677	2457669.418993	1037328.360574	512.650222	517.53242	4.877853
2457669.42642548	0.976021	0.002162	1.891048	680.383673	2457669.420394	1038051.179855	512.550089	517.830176	4.793349
2457669.42781343	0.971064	0.002162	1.871216	677.536585	2457669.421782	1037702.774078	513.163915	518.219948	4.866492
2457669.42921437	0.969075	0.002131	1.851693	676.271111	2457669.423183	1038936.443553	512.936094	518.412428	4.74218
2457669.43060332	0.969766	0.002131	1.832786	669.266129	2457669.424572	1040480.8926	513.266231	518.653561	4.717003
2457669.43200327	0.966175	0.002178	1.814168	673.246637	2457669.425972	1034396.206057	513.241807	518.578164	4.868325
2457669.43339221	0.970362	0.002157	1.796131	667.051502	2457669.427361	1028219.087025	513.730803	518.799544	4.818563
2457669.43479316	0.962557	0.002252	1.778363	670.772908	2457669.428762	1022383.769877	513.331866	519.004107	5.243622
2457669.43619310	0.964793	0.002284	1.761002	668.793991	2457669.430162	1019289.046972	513.272175	518.827054	5.285832
2457669.43758205	0.968131	0.002262	1.744175	665.47451	2457669.431551	1021122.961565	513.364499	518.752735	5.316044
2457669.43898200	0.963807	0.002215	1.727590	663.7500	2457669.432951	1029302.315096	513.693046	518.917725	5.07142
2457669.44037094	0.966185	0.002262	1.711510	664.432558	2457669.43434	1022109.58242	513.80494	519.287968	5.209868
2457669.44177189	0.968158	0.002257	1.695656	662.381743	2457669.435741	1024963.231911	513.594604	519.189692	5.193313
2457669.44316084	0.969281	0.002220	1.680281	664.530172	2457669.43713	1023050.61682	513.963602	519.286283	5.000233
2457669.44456078	0.967847	0.002220	1.665117	663.126531	2457669.43853	1025163.088043	514.201342	519.604766	5.002157
2457669.44594973	0.960933	0.002183	1.650407	664.68254	2457669.439919	1019883.660603	514.510105	519.576196	5.061049
2457669.44734967	0.965315	0.002331	1.635895	663.588983	2457669.441319	1012134.23847	514.513322	519.791326	5.473461
2457669.44875062	0.964350	0.002315	1.621697	664.866109	2457669.44272	996688.043273	514.540493	519.917563	5.357991
2457669.45013956	0.965458	0.002331	1.607918	660.081633	2457669.444109	1006814.011742	514.921265	519.897616	5.250744
2457669.45153951	0.966618	0.002252	1.594320	664.716667	2457669.445509	1002887.194337	514.942108	520.348363	5.092267
2457669.45292846	0.961065	0.002183	1.581120	665.729412	2457669.446898	1006522.14717	516.045465	520.181563	4.867463
2457669.45432940	0.964746	0.002199	1.568090	664.055794	2457669.448299	1009253.739917	516.458998	519.974487	4.807627
2457669.45571835	0.961972	0.002199	1.555439	663.365462	2457669.449688	1006021.17885	517.083092	520.004174	4.823777
2457669.45711830	0.968749	0.002189	1.542948	659.991935	2457669.451088	999254.062567	516.572296	520.079705	4.856821
2457669.45850724	0.963886	0.002226	1.530817	659.182203	2457669.452477	1006442.095798	517.257485	520.033274	4.93376
2457669.45990719	0.964145	0.002157	1.518838	657.243802	2457669.453877	1008925.389592	517.200107	519.892428	4.720491
2457669.46130813	0.968163	0.002131	1.507106	658.471042	2457669.455278	1009709.925382	516.602719	520.142452	4.573767
2457669.46269708	0.972372	0.002189	1.495709	657.861111	2457669.456667	1007112.818814	516.820525	520.30923	4.755497
2457669.46409702	0.965948	0.002268	1.484451	661.540323	2457669.458067	990155.029867	517.579116	520.052968	5.151604
2457669.46548597	0.967957	0.002257	1.473513	659.901235	2457669.459456	991427.04571	517.950564	520.281131	4.952699
2457669.46688592	0.968749	0.002262	1.462706	658.319066	2457669.460856	999366.398666	518.884677	520.321943	5.038371
2457669.46827486	0.971665	0.002342	1.452204	661.152344	2457669.462245	984585.407168	519.59811	520.518018	5.292473
2457669.46967581	0.971755	0.002284	1.441827	657.224409	2457669.463646	987789.805689	519.154411	520.438747	5.088389
2457669.47106475	0.969845	0.002294	1.431741	662.1250	2457669.465035	991581.671559	520.335727	520.575277	5.143915
2457669.47246470	0.974423	0.002384	1.421774	664.389831	2457669.466435	997014.221095	520.740879	520.953645	5.255637
2457669.47385365	0.973347	0.002326	1.412086	661.878924	2457669.467824	993620.827039	520.415575	520.934481	5.099903
2457669.47525459	0.980108	0.002305	1.402510	666.631148	2457669.469225	984632.507473	521.593833	520.618636	5.033802
2457669.47665454	0.981105	0.002336	1.393123	663.464912	2457669.470625	982592.900792	520.509099	520.842594	5.13894
2457669.47804348	0.982455	0.002463	1.383998	663.525896	2457669.472014	982880.929435	521.543297	520.866465	5.594465
2457669.47944343	0.987576	0.002537	1.374976	667.789256	2457669.473414	969278.857478	521.934579	520.97323	5.663602
2457669.48083237	0.989142	0.002705	1.366205	671.004255	2457669.474803	949303.696578	521.339171	520.957379	6.069983
2457669.48223332	0.980203	0.002837	1.357533	676.694561	2457669.476204	935734.975333	522.40902	521.100239	6.582159
2457669.48362227	0.985714	0.002980	1.349101	688.139013	2457669.477593	919586.783769	522.569394	521.131247	6.787699
2457669.48502221	0.982998	0.002837	1.340763	685.873518	2457669.478993	930136.235984	523.109817	521.182854	6.503338
2457669.48642316	0.987708	0.002716	1.332588	677.840816	2457669.480394	942220.293487	523.261046	520.831314	6.224063
2457669.48781110	0.988583	0.002695	1.324638	674.98374	2457669.481782	949460.166823	524.244509	521.00567	6.10649
2457669.48921205	0.983536	0.002663	1.316777	674.05668	2457669.483183	949393.443808	524.456928	520.7425	6.040043
2457669.49060099	0.991457	0.002653	1.309132	671.478992	2457669.484572	938732.943342	525.309307	520.942539	6.00571
2457669.49200094	0.982154	0.002690	1.301571	668.560484	2457669.485972	948450.836271	526.126431	520.686937	6.105982
2457669.49338989	0.986600	0.002679	1.294218	671.2480	2457669.487361	935233.875692	526.504364	520.721807	6.123462
2457669.49479083	0.983541	0.002690	1.286947	670.381395	2457669.488762	937393.809286	526.347193	520.904826	6.027014
2457669.49617878	0.983009	0.002679	1.279875	669.06867	2457669.49015	938457.744978	526.508494	521.080232	5.983213
2457669.49757972	0.985102	0.002647	1.272881	666.638655	2457669.491551	933513.298142	528.179973	520.891803	5.832048
2457669.49896867	0.985477	0.002589	1.266079	667.907336	2457669.49294	931073.641473	528.93775	520.86606	5.743206
2457669.50036861	0.985556	0.002605	1.259352	665.700405	2457669.49434	925153.707045	529.467544	520.815374	5.843024
2457669.50176956	0.984417	0.002605	1.252755	667.039062	2457669.495741	922567.19387	530.372001	520.590282	5.765152
2457669.50315851	0.985013	0.002647	1.246340	670.976096	2457669.49713	918240.032116	530.662111	520.374443	5.827669
2457669.50455845	0.981901	0.002621	1.239995	667.660079	2457669.49853	920907.192087	532.124944	520.298366	5.756517
2457669.50594740	0.987344	0.002711	1.233825	670.031873	2457669.499919	908175.623405	532.786523	520.080126	5.885104
2457669.50734734	0.982750	0.002774	1.227723	677.106719	2457669.501319	896047.961713	533.72332	520.009298	6.02957
2457669.50874829	0.983309	0.002732	1.221740	674.595833	2457669.50272	895186.45831	534.649647	519.882323	5.916125
2457669.51013723	0.986727	0.002748	1.215922	676.396624	2457669.504109	895574.513939	534.775162	519.981037	5.8225
2457669.51153718	0.984812	0.002763	1.210170	673.790514	2457669.505509	898033.315463	536.404762	519.46884	5.857157
2457669.51292612	0.987608	0.002890	1.204576	677.311966	2457669.506898	885458.745989	536.923216	519.965562	6.115556
2457669.51432707	0.986263	0.002684	1.199045	673.963855	2457669.508299	884100.977566	537.29119	519.671499	5.670687
2457669.51571602	0.982313	0.002658	1.193668	679.79661	2457669.509688	883886.55384	538.414455	518.843044	5.39834
2457669.51711596	0.984454	0.002626	1.188352	681.822314	2457669.511088	866073.302171	538.00473	518.670663	5.4406
2457776.14279740	0.996245	0.009370	1.674592	1326.297368	2457776.145521	492812.755006	468.138387	512.748913	9.804936
2457776.14431329	0.998313	0.009000	1.658325	1062.527851	2457776.147037	489285.671358	469.404565	515.368033	10.127711
2457776.14581817	0.994184	0.006869	1.642562	901.878788	2457776.148542	477344.001983	469.890651	514.676365	8.489087
2457776.14732205	0.996279	0.005508	1.627166	777.905444	2457776.150046	475179.780255	469.630325	514.924046	7.507836
2457776.14882694	0.997880	0.005441	1.612126	673.342776	2457776.151551	476333.954452	471.441247	515.521282	7.726361
2457776.15033182	0.988108	0.005842	1.597432	601.955923	2457776.153056	479178.26323	472.616889	516.029404	8.635095
2457776.15184771	0.994590	0.005672	1.582964	569.52924	2457776.154572	478294.719432	472.92725	516.819532	8.520909
2457776.15335159	0.978964	0.004998	1.568935	568.963636	2457776.156076	471857.909961	473.37534	516.310218	7.313864
2457776.15485648	0.984261	0.005463	1.555222	580.068871	2457776.157581	454019.448308	473.840196	516.674851	7.930882
2457776.15637236	0.980155	0.005119	1.541716	569.22739	2457776.159097	451052.413839	475.393773	517.182732	7.601987
2457776.15788824	0.987455	0.005247	1.528513	515.370466	2457776.160613	465117.959598	474.396035	518.281762	8.220764
2457776.15939313	0.976200	0.004820	1.515704	493.557252	2457776.162118	470315.632975	474.886102	518.3700	8.012368
2457776.16090901	0.968822	0.004766	1.503083	487.776596	2457776.163634	472740.374979	475.087667	518.127772	7.5943
2457776.16241389	0.973032	0.004851	1.490835	478.249292	2457776.165139	475912.285389	477.033494	519.079359	7.597326
2457776.16392977	0.968084	0.004406	1.478765	469.788043	2457776.166655	482483.557038	477.55957	519.844918	7.217209
2457776.16543466	0.964811	0.004481	1.467049	460.617188	2457776.16816	482191.974861	478.517235	519.696914	7.520015
2457776.16695054	0.967462	0.004638	1.455500	449.504155	2457776.169676	485186.239097	479.076328	519.822723	7.651958
2457776.16845543	0.966861	0.004057	1.444289	447.950249	2457776.171181	483494.515802	478.59484	519.8331	6.757634
2457776.16997131	0.958360	0.004206	1.433235	447.278075	2457776.172697	483201.423553	480.103615	519.516397	6.797539
2457776.17147519	0.968314	0.005634	1.422503	461.511873	2457776.174201	469352.5512	481.733338	521.223614	8.963221
2457776.17299207	0.963262	0.004690	1.411920	461.070081	2457776.175718	471507.235214	481.145555	520.448225	7.733072
2457776.17449596	0.977035	0.005256	1.401643	461.714286	2457776.177222	468615.110036	481.44284	520.619224	8.309598
2457776.17600084	0.969078	0.004986	1.391584	458.950904	2457776.178727	470741.620909	482.138577	521.409803	8.136211
2457776.17751673	0.966087	0.004868	1.381664	463.339623	2457776.180243	468265.372514	482.625601	520.420715	7.882003
2457776.17902161	0.968687	0.005434	1.372028	480.411917	2457776.181748	456267.913902	484.095189	521.830435	8.570218
2457776.18052549	0.979859	0.006003	1.362595	492.843243	2457776.183252	446210.042805	485.997138	522.903514	8.802169
2457776.18204238	0.963264	0.004918	1.353291	483.039578	2457776.184769	453016.833758	485.510519	522.51707	7.624636
2457776.18354626	0.972033	0.005384	1.344252	482.527415	2457776.186273	452887.526786	486.192048	522.322797	8.150067
2457776.18506214	0.976546	0.004868	1.335335	475.942363	2457776.187789	456642.315394	486.910337	522.985241	7.351991
2457776.18656703	0.967807	0.004841	1.326672	486.911227	2457776.189294	449052.734375	487.668501	522.659171	7.56814
2457776.18807191	0.980631	0.004945	1.318190	486.359102	2457776.190799	452260.063617	487.344713	523.227266	7.726727
2457776.18958779	0.977770	0.005059	1.309822	482.166667	2457776.192315	449059.856307	488.064779	524.290065	7.908606
2457776.19109168	0.978906	0.004986	1.301690	480.451524	2457776.193819	446433.958907	489.242011	524.049645	7.458146
2457776.19260856	0.991228	0.005632	1.293668	478.774936	2457776.195336	439097.253954	489.834262	524.14943	8.493648
2457776.19411244	0.974933	0.005555	1.285873	483.603774	2457776.19684	443783.260804	490.541037	524.408663	8.342417
2457776.19561733	0.972699	0.005108	1.278240	461.273936	2457776.198345	452218.667038	491.590205	524.493473	7.981749
2457776.19713321	0.977620	0.005117	1.270708	452.521964	2457776.199861	451323.283257	491.692867	523.903772	7.983031
2457776.19864909	0.982552	0.005036	1.263335	452.375648	2457776.201377	448301.294007	493.099892	524.802466	8.223478
2457776.20015398	0.986728	0.006554	1.256170	460.317221	2457776.202882	440612.242648	493.404297	524.534584	9.568353
2457776.20166986	0.975970	0.005458	1.249101	459.043011	2457776.204398	445060.896802	494.401186	524.820907	8.545983
2457776.20317474	0.973049	0.005138	1.242232	454.047486	2457776.205903	449512.8182	494.560686	523.544911	7.775848
2457776.20467863	0.981379	0.005437	1.235506	452.360335	2457776.207407	445677.415287	496.377741	524.424725	8.502609
2457776.20619551	0.985511	0.004933	1.228870	442.812183	2457776.208924	449231.892772	496.99711	524.391468	7.93268
2457776.20771139	0.981902	0.004642	1.222374	445.235294	2457776.21044	448712.067207	497.49557	523.663494	7.086689
2457776.20922728	0.986570	0.004533	1.216015	441.312183	2457776.211956	442864.987321	498.828066	524.782163	7.297542
2457776.21073216	0.993387	0.005062	1.209837	440.839142	2457776.213461	441192.591613	499.899231	524.972426	7.942031
2457776.21223604	0.992705	0.004973	1.203789	441.389034	2457776.214965	442325.032973	501.87893	525.096587	7.743117
2457776.21374093	0.982145	0.005066	1.197868	444.848485	2457776.21647	441230.313947	502.08956	525.212097	7.722403
2457776.21525681	0.998407	0.007135	1.192028	448.683938	2457776.217986	417961.855631	504.94109	525.858895	10.144878
2457776.21676169	0.984664	0.006119	1.186356	447.979328	2457776.219491	432150.533128	506.550264	526.77039	9.188603
2457776.21827758	1.002350	0.005009	1.180762	448.72043	2457776.221007	431989.531364	506.872183	526.321021	7.517252
2457776.21979346	0.999304	0.004899	1.175288	447.339572	2457776.222523	432624.301612	507.300181	525.42037	7.349504
2457776.22129834	1.005433	0.005252	1.169973	447.80663	2457776.224028	423714.507854	508.155121	525.104428	7.694172
2457776.22280223	0.999630	0.005245	1.164772	445.717808	2457776.225532	421148.621374	509.777022	525.680828	7.788002
2457776.22430711	1.002406	0.011086	1.159684	443.1600	2457776.227037	352796.932033	508.247673	521.536647	10.783427
2457776.22581199	0.998474	0.005862	1.154706	444.612821	2457776.228542	412674.818646	507.798666	517.935539	8.527848
2457776.22731588	0.999413	0.007163	1.149837	444.673973	2457776.230046	403021.698176	510.319019	518.679058	9.98561
2458019.38896055	0.970079	0.002826	5.090452	638.924638	2458019.382535	638107.86966	523.147682	523.581249	4.727993
2458019.39036053	0.971632	0.002857	4.945575	636.5000	2458019.383935	638033.509432	523.248313	524.193144	4.888286
2458019.39174951	0.967387	0.002800	4.809416	638.017493	2458019.385324	638493.259004	523.370245	525.040261	4.693826
2458019.39315049	0.970871	0.002867	4.679151	636.951429	2458019.386725	637159.162506	523.397237	525.178175	4.895497
2458019.39453848	0.974313	0.002898	4.556435	636.652997	2458019.388113	637816.317285	523.313205	525.55514	4.803774
2458019.39593946	0.970141	0.002852	4.438763	635.024845	2458019.389514	637872.844157	522.552808	525.680687	4.74181
2458019.39732844	0.973609	0.002847	4.327668	632.433225	2458019.390903	640002.071591	522.587909	526.304322	4.783018
2458019.39872842	0.971880	0.002867	4.220917	633.934169	2458019.392303	639196.812703	522.773766	526.595313	4.83076
2458019.40011740	0.972936	0.002873	4.119929	634.16875	2458019.393692	636850.860584	523.483924	526.73397	4.798345
2458019.40151838	0.970431	0.002842	4.022702	636.504587	2458019.395093	637044.071487	523.367675	527.127075	4.776628
2458019.40291836	0.967595	0.002857	3.929804	640.583578	2458019.396493	634982.445673	524.046965	527.407377	4.898833
2458019.40430734	0.967765	0.002893	3.841680	642.988571	2458019.397882	630624.755875	523.710651	527.118788	5.044014
2458019.40570732	0.970560	0.002878	3.756739	641.851735	2458019.399282	630441.333106	523.956275	527.447821	4.862785
2458019.40710830	0.971632	0.002888	3.675554	638.081633	2458019.400683	633758.351544	524.425876	527.881339	4.873683
2458019.40849729	0.969484	0.002898	3.598331	635.780059	2458019.402072	635899.306668	524.664101	527.955696	4.950459
2458019.40989727	0.968071	0.002862	3.523593	635.52819	2458019.403472	635874.605183	525.273757	528.156435	4.855654
2458019.41128625	0.966611	0.002888	3.452399	636.826087	2458019.404861	638696.788748	525.647859	528.6288	4.867799
2458019.41268723	0.970674	0.002862	3.383401	633.036517	2458019.406262	638007.412526	526.090062	528.589804	4.885262
2458019.41407521	0.970886	0.002893	3.317587	633.471761	2458019.40765	635776.95563	526.477615	528.463843	4.908917
2458019.41547619	0.973666	0.002961	3.253721	635.006173	2458019.409051	635897.440527	526.105376	528.622642	4.991956
2458019.41687617	0.968904	0.002955	3.192229	636.93865	2458019.410451	634022.291105	527.066711	528.921932	5.129559
2458019.41826515	0.967812	0.002971	3.133467	638.040462	2458019.41184	634086.593205	527.187131	528.939115	5.09606
2458019.41966613	0.973562	0.002930	3.076342	635.458967	2458019.413241	631413.369653	527.420971	529.425637	4.995002
2458019.42106611	0.976067	0.002935	3.021246	632.688427	2458019.414641	631235.364487	526.860533	529.540633	4.975594
2458019.42245510	0.969308	0.002940	2.968509	633.809816	2458019.41603	630946.059121	527.593465	529.428862	5.034136
2458019.42385608	0.971575	0.002940	2.917158	635.374613	2458019.417431	630035.037102	527.738411	529.319964	5.022078
2458019.42524406	0.970136	0.002971	2.867957	638.774775	2458019.418819	628917.503112	527.462722	529.44916	5.117381
2458019.42664504	0.975943	0.002992	2.820002	640.053968	2458019.42022	628767.212239	527.524137	529.405815	5.068564
2458019.42804502	0.977936	0.003085	2.773632	635.977918	2458019.42162	625828.589649	527.394903	529.230081	5.375024
2458019.42944600	0.980824	0.003162	2.728775	638.009804	2458019.423021	626029.58777	527.910228	529.338634	5.56155
2458019.43083498	0.985089	0.003183	2.685715	637.437126	2458019.42441	626537.760565	528.332332	529.318777	5.595349
2458019.43223496	0.985301	0.003157	2.643670	639.615385	2458019.42581	624346.096875	528.222707	529.21454	5.456138
2458019.43362394	0.982113	0.003100	2.603276	638.738994	2458019.427199	625990.356745	528.491401	529.31629	5.305991
2458019.43502492	0.984131	0.003090	2.563801	638.045584	2458019.4286	624286.336541	528.462233	529.188332	5.27552
2458019.43642490	0.992387	0.003033	2.525534	637.04451	2458019.43	621872.959124	528.742649	529.350984	5.155364
2458019.43781388	0.989421	0.003085	2.488725	638.536145	2458019.431389	622169.550537	528.917444	529.409438	5.270813
2458019.43921386	0.992107	0.003043	2.452713	637.991098	2458019.432789	622042.414639	528.429908	529.327679	5.176787
2458019.44060285	0.997247	0.003043	2.418049	636.900332	2458019.434178	619211.229622	529.236309	529.313948	5.174585
2458019.44200383	0.998297	0.003038	2.384111	635.305031	2458019.435579	622974.602462	528.371802	529.185279	5.108657
2458019.44339281	0.991315	0.002971	2.351421	636.704142	2458019.436968	623497.598035	528.49672	529.250488	4.987107
2458019.44479279	0.993510	0.003007	2.319394	634.106195	2458019.438368	620520.644165	529.397464	529.497556	5.107146
2458019.44619377	1.000383	0.003126	2.288270	632.078788	2458019.439769	618116.327302	529.400884	529.773467	5.282509
2458019.44758175	0.998820	0.003074	2.258261	635.07362	2458019.441157	612122.924365	528.696849	529.406213	5.161868
2458019.44898273	1.000663	0.003385	2.228835	644.70904	2458019.442558	525575.615792	529.045297	529.602033	5.036187
2458019.45038271	1.000590	0.003830	2.200211	650.492711	2458019.443958	473918.211776	529.852651	529.277752	5.319599
2458019.45177169	0.994669	0.004001	2.172589	659.215743	2458019.445347	437885.947358	529.381387	529.287357	5.234904
2458019.45317267	0.991460	0.004394	2.145479	672.016077	2458019.446748	397357.208339	530.499823	528.991162	5.144745
2458019.45818306	1.001097	0.003271	2.054172	648.962382	2458019.451759	583122.338357	531.061022	529.201285	5.307593
2458019.45957258	0.993939	0.003209	2.030343	644.899687	2458019.453148	611823.981499	531.123985	529.037548	5.38241
2458019.46097356	0.996631	0.004094	2.006923	656.967846	2458019.454549	445084.923789	531.577568	528.898994	5.406875
2458019.46236254	1.009249	0.003784	1.984278	651.376855	2458019.455938	489752.400007	531.962085	528.960991	5.287739
2458019.46376252	0.996900	0.003147	1.962011	632.990769	2458019.457338	618245.907104	532.027435	528.942343	5.223505
2458019.46515150	0.993008	0.003432	1.940471	641.020772	2458019.458727	543685.62205	531.739065	528.628739	5.308128
2458019.46655148	0.996491	0.005388	1.919281	672.984127	2458019.460127	301131.090203	530.363472	528.378479	5.190352
2458019.46794046	0.989861	0.006335	1.898775	693.184713	2458019.461516	271310.383957	530.988953	528.82242	5.504987
2458040.33374742	1.000537	0.002956	4.813513	576.557994	2458040.327951	630158.760828	549.03157	531.708921	5.087855
2458040.33514835	0.998147	0.002906	4.683040	575.630178	2458040.329352	631518.300392	550.51734	532.230041	4.958832
2458040.33654829	1.001494	0.002875	4.559133	577.344928	2458040.330752	628169.020414	550.243202	532.659309	4.903197
2458040.33793722	0.999496	0.002893	4.442279	574.473214	2458040.332141	630749.157709	550.589128	533.132392	4.947282
2458040.33933816	1.002635	0.002935	4.330113	575.003125	2458040.333542	630492.396502	551.580964	533.464239	4.98712
2458040.34072709	1.001345	0.002932	4.224109	572.167155	2458040.334931	631500.363767	551.987029	533.752797	5.021213
2458040.34212703	1.000551	0.002903	4.122153	573.46988	2458040.336331	629752.624042	552.054503	533.828471	4.976016
2458040.34351596	1.002438	0.002938	4.025612	571.540717	2458040.33772	628128.369201	551.648477	534.068961	5.003289
2458040.34491590	0.999039	0.002959	3.932585	570.345566	2458040.33912	627765.038811	551.817343	534.294631	5.15913
2458040.34631683	1.001793	0.002936	3.843623	568.604863	2458040.340521	626702.280827	552.148959	534.63919	5.131312
2458040.34770577	0.996332	0.002946	3.759278	570.693603	2458040.34191	629225.988406	552.469185	534.6495	5.078396
2458040.34910570	0.999679	0.003014	3.677988	570.438272	2458040.34331	627225.458935	552.752075	535.134771	5.246475
2458040.35049464	0.993891	0.002991	3.600667	570.11465	2458040.344699	627804.12988	553.027986	534.677522	5.216485
2458040.35189557	0.994770	0.002944	3.525835	571.617647	2458040.3461	629582.490933	553.192612	534.99743	5.079447
2458040.35328351	0.997281	0.002986	3.454554	567.805643	2458040.347488	628911.219282	553.354226	535.172664	5.204667
2458040.35468444	0.999384	0.002953	3.385472	563.624625	2458040.348889	627491.486307	553.913326	535.323979	5.127578
2458040.35608438	0.997366	0.002989	3.319042	566.162791	2458040.350289	629412.679646	554.160582	535.397061	5.211435
2458040.35747331	0.995786	0.002932	3.255639	565.878698	2458040.351678	628016.415341	554.808792	535.423346	5.134457
2458040.35887425	0.994698	0.002943	3.194076	564.794479	2458040.353079	625612.320525	554.759204	535.505761	5.157523
2458040.36026318	0.999158	0.002985	3.135248	563.746269	2458040.354468	627689.253168	554.704835	535.688216	5.251955
2458040.36166312	0.998918	0.002945	3.078059	563.831288	2458040.355868	626581.593928	555.638358	535.781808	5.194539
2458040.36305205	1.001013	0.002956	3.023350	565.411079	2458040.357257	623943.832142	555.596327	535.427898	5.193741
2458040.36445198	0.996411	0.002974	2.970108	566.011976	2458040.358657	623324.617796	555.856019	535.447955	5.207467
2458040.36584092	0.996269	0.002950	2.919120	565.971182	2458040.360046	624929.916907	555.995366	535.707507	5.117902
2458040.36724185	0.993870	0.002991	2.869449	566.738739	2458040.361447	623776.425348	555.843794	535.576818	5.245338
2458040.36863079	0.988648	0.002983	2.821834	565.482955	2458040.362836	622861.782099	555.878031	535.785601	5.242841
2458040.37003072	0.988918	0.003019	2.775405	562.901274	2458040.364236	619723.246653	556.187547	535.694757	5.328786
2458040.37141966	0.983324	0.003175	2.730855	566.153094	2458040.365625	616769.645678	556.671917	535.75714	5.709898
2458040.37281959	0.977386	0.003120	2.687376	564.501449	2458040.367025	616908.516183	556.612961	535.750683	5.664267
2458040.37422053	0.982338	0.003314	2.645279	565.205521	2458040.368426	614957.14285	556.770701	535.708462	5.963289
2458040.37560946	0.976827	0.003188	2.604834	563.816327	2458040.369815	617312.084913	556.813783	535.805408	5.871426
2458040.37700940	0.985578	0.003339	2.565311	563.557377	2458040.371215	613331.362172	556.922428	535.935978	6.04628
2458040.37841033	0.971934	0.003198	2.526998	565.12963	2458040.372616	615749.43667	557.054504	535.835683	5.897342
2458040.37979927	0.976009	0.003094	2.490146	561.718391	2458040.374005	617275.97626	557.4639	535.894389	5.555087
2458040.38119920	0.970275	0.003092	2.454092	559.482014	2458040.375405	615266.734876	557.644255	536.121077	5.547471
2458040.38258813	0.974262	0.003092	2.419387	564.0000	2458040.376794	613967.866317	557.996425	536.070398	5.554138
2458040.38398807	0.970024	0.003002	2.385411	561.580745	2458040.378194	618388.048891	557.806412	535.671029	5.312734
2458040.38537700	0.971510	0.002979	2.352683	558.933934	2458040.379583	617466.618403	558.193903	535.514766	5.268393
2458040.38677794	0.970799	0.003123	2.320620	561.258258	2458040.380984	612041.405238	558.112522	535.989498	5.602005
2458040.38816687	0.968312	0.002885	2.289716	559.110759	2458040.382373	618985.1224	558.41992	535.621624	4.918677
2458040.38956681	0.965635	0.002921	2.259421	557.511834	2458040.383773	618479.979374	558.467146	535.556993	5.161576
2458040.39096774	0.973992	0.002949	2.229962	557.714286	2458040.385174	615450.763067	558.51497	535.503748	5.212613
2458040.39235668	0.967919	0.003178	2.201542	563.514107	2458040.386563	612764.881662	558.595528	535.516107	5.823636
2458040.39375661	0.965438	0.003182	2.173657	580.145773	2458040.387963	609326.929398	558.825826	535.765912	5.692462
2458040.39514554	0.964655	0.003024	2.146740	581.302594	2458040.389352	610076.70904	558.856973	535.183816	5.312425
2458040.39654548	0.973360	0.003127	2.120315	577.925926	2458040.390752	609240.465329	559.049978	535.185145	5.370467
2458040.39793441	0.971582	0.003006	2.094793	580.526471	2458040.392141	610042.806042	558.664476	535.054259	5.154979
2458040.39933535	0.964345	0.002931	2.069725	588.635057	2458040.393542	610049.912224	559.574053	534.982417	4.94293
2458040.40072428	0.970440	0.002904	2.045503	580.525223	2458040.394931	608717.322798	559.073679	535.271373	4.932352
2458040.40212422	0.963072	0.002876	2.021698	571.818182	2458040.396331	614435.5332	559.636484	535.483295	4.830917
2458040.40351315	0.965120	0.002860	1.998686	567.935484	2458040.39772	613889.855115	559.674068	535.391674	4.82664
2458040.40491308	0.968291	0.002950	1.976060	569.182927	2458040.39912	611475.620194	559.646219	535.177532	5.038104
2458040.40630202	0.967053	0.002896	1.954176	568.467836	2458040.400509	611461.060179	559.43835	534.832817	4.930193
2458040.40770295	0.969795	0.002885	1.932652	568.493631	2458040.40191	612490.445567	559.273734	534.692883	4.800082
2458040.40909189	0.961720	0.002877	1.911824	581.636364	2458040.403299	609238.531097	558.870576	534.541187	4.799314
2458040.41049182	0.965417	0.002919	1.891329	579.165192	2458040.404699	607445.79143	559.30328	535.263571	4.908197
2458040.41188076	0.969113	0.002901	1.871490	562.172012	2458040.406088	610748.366621	559.115433	535.002517	4.92978
2458040.41328069	0.964531	0.002892	1.851960	561.169753	2458040.407488	611586.067385	559.471983	535.218536	4.822612
2458040.41466962	0.965393	0.002914	1.833048	560.83792	2458040.408877	610585.722832	559.590297	535.340204	4.838596
2458040.41607056	0.968716	0.002865	1.814423	561.046012	2458040.410278	609655.199118	559.55764	535.180789	4.763908
2458040.41747049	0.965655	0.002876	1.796232	559.359281	2458040.411678	611257.798604	559.718896	535.336375	4.841142
2458040.41885943	0.966333	0.002889	1.778606	560.481848	2458040.413067	611452.305054	560.445787	535.721545	4.792183
2458040.42026036	0.962823	0.002864	1.761240	563.792049	2458040.414468	610430.596006	560.612804	536.089208	4.813286
2458040.42164829	0.967847	0.002953	1.744407	562.853293	2458040.415856	607402.251989	560.997861	536.408521	5.009676
2458040.42304923	0.969102	0.003026	1.727817	564.821212	2458040.417257	605506.512244	560.932319	536.556226	5.130358
2458040.42443816	0.970759	0.002984	1.711732	563.68915	2458040.418646	605041.232473	560.896372	536.786464	5.052451
2458040.42583810	0.969192	0.002985	1.695874	564.657817	2458040.420046	608288.624312	562.397698	536.483477	5.159957
2458040.42723903	0.973781	0.003077	1.680366	566.501502	2458040.421447	603696.403144	562.171253	536.433951	5.289889
2458040.42863896	0.986639	0.003144	1.665201	564.990964	2458040.422847	603485.019643	561.984264	536.320498	5.36606
2458040.43002790	0.982428	0.003104	1.650489	567.889552	2458040.424236	598928.6937	562.117148	536.505716	5.364785
2458040.43142883	0.984921	0.003252	1.635975	564.098802	2458040.425637	601496.478642	562.57019	536.670124	5.654508
2458040.43282877	0.985638	0.003399	1.621775	564.753799	2458040.427037	597058.978713	563.567949	536.798746	5.896597
2458040.43421770	0.991491	0.003275	1.607995	563.457792	2458040.428426	594994.658379	564.199978	536.955492	5.652333
2458040.43561763	0.990150	0.003200	1.594395	565.626113	2458040.429826	596471.192552	565.328772	536.98799	5.527993
2458040.43701857	0.994493	0.003308	1.581085	566.440476	2458040.431227	592947.029068	565.051393	537.430362	5.746142
2458040.43840750	0.994467	0.003386	1.568162	566.649425	2458040.432616	587957.838975	566.099107	537.360338	5.918829
2458040.43980744	0.996446	0.003340	1.555405	569.495413	2458040.434016	588220.77033	566.968121	537.648862	5.682387
2458040.44119637	0.990664	0.003237	1.543017	571.255255	2458040.435405	584655.47306	567.251299	537.898654	5.505678
2458040.44259730	0.997561	0.003235	1.530785	569.922619	2458040.436806	586218.148746	567.831734	537.975123	5.457246
2458040.44398524	0.996009	0.003221	1.518904	571.276471	2458040.438194	582446.116664	567.678481	538.113598	5.438553
2458040.44538617	0.997752	0.003222	1.507171	571.336364	2458040.439595	581868.198469	568.141585	538.178986	5.397533
2458040.44677510	0.992936	0.003150	1.495772	570.93865	2458040.440984	583346.883289	568.567615	538.362872	5.30499
2458040.44817504	0.992479	0.003182	1.484513	572.237654	2458040.442384	584593.253586	568.951354	538.266775	5.255208
2458040.44956397	0.996558	0.003132	1.473573	570.949686	2458040.443773	582414.825405	569.534742	538.252293	5.130558
2458040.45096491	0.995660	0.003152	1.462765	570.542029	2458040.445174	583931.887287	569.105925	538.365949	5.188111
2458040.45235284	0.992420	0.003120	1.452262	569.976945	2458040.446562	582257.711383	570.293176	538.479218	5.167586
2458040.45375377	0.999785	0.003192	1.441884	570.809231	2458040.447963	579393.895685	570.784332	538.689379	5.152626
2458040.45514271	0.998899	0.003156	1.431797	570.489552	2458040.449352	575981.402534	571.381774	539.010174	5.14966
2458040.45654264	1.001943	0.003359	1.421829	570.770149	2458040.450752	575433.870293	571.21218	539.39438	5.578828
2458040.45793158	0.995003	0.003335	1.412139	572.661392	2458040.452141	572808.375972	572.562789	539.336097	5.516483
2458040.45933251	1.003127	0.003342	1.402562	573.444759	2458040.453542	566173.790251	573.25731	539.854082	5.592071
2458040.46072144	1.002562	0.003552	1.393252	572.390769	2458040.454931	565566.53958	574.108111	540.071847	5.892362
2458040.46212138	0.999302	0.003570	1.384048	577.715517	2458040.456331	561535.382107	575.023736	540.608175	6.026933
2458040.46351031	1.000911	0.003769	1.375100	574.52649	2458040.45772	564979.914207	574.611918	540.315748	6.22036
2458040.46491024	1.005000	0.003634	1.366254	576.452096	2458040.45912	560301.381738	575.741532	540.56604	6.096096
2458040.46629918	0.997971	0.003555	1.357652	577.877301	2458040.460509	560302.364867	576.541235	540.751723	5.897699
2458040.46770011	1.001304	0.003487	1.349147	575.889222	2458040.46191	557691.803346	576.329723	540.87099	5.700253
2458040.46910005	1.002657	0.003557	1.340809	574.658754	2458040.46331	556377.389473	577.182111	541.193868	5.876435
2458040.47048898	0.995711	0.003588	1.332700	577.967164	2458040.464699	553185.620214	579.010374	541.381648	5.948126
2458040.47188991	1.001375	0.003645	1.324682	578.446602	2458040.4661	555396.97173	579.903783	541.864441	5.821384
2458047.33753114	0.994031	0.003492	3.276964	648.93617	2458047.332095	527434.531273	621.15747	518.186147	5.577708
2458047.33893106	1.002314	0.003388	3.214612	648.940439	2458047.333495	522719.057109	621.953447	518.337234	5.367184
2458047.34031998	1.001762	0.003258	3.155042	644.712025	2458047.334884	523708.469029	622.526966	518.426251	5.11259
2458047.34172090	0.995409	0.003260	3.097143	645.318584	2458047.336285	524037.794537	622.500933	518.60937	5.067325
2458047.34312082	0.997009	0.003389	3.041312	645.407295	2458047.337685	522594.121146	621.967734	518.810888	5.330587
2458047.34450974	0.993568	0.003278	2.987882	641.894578	2458047.339074	522111.817398	622.635799	518.58127	5.224272
2458047.34591066	0.999366	0.003298	2.935866	640.087662	2458047.340475	521726.695141	622.272718	518.556087	5.239124
2458047.34729858	1.000606	0.003346	2.886036	643.029412	2458047.341863	519910.546895	622.50954	518.914808	5.201239
2458047.34869950	0.998520	0.003262	2.837478	643.393846	2458047.343264	522239.839879	622.654963	519.285306	4.954125
2458047.35008842	1.001121	0.003319	2.790914	645.068111	2458047.344653	516889.484375	622.633288	519.191085	5.208356
2458047.35148834	1.003022	0.003357	2.745496	647.314642	2458047.346053	518422.555318	622.691886	519.273364	5.18035
2458047.35288926	0.997944	0.003271	2.701547	646.346386	2458047.347454	520200.6574	623.048475	519.205183	5.050853
2458047.35427818	0.997023	0.003258	2.659347	645.558442	2458047.348843	518565.765957	623.185329	519.234021	5.017229
2458047.35567810	1.006035	0.003302	2.618131	644.97619	2458047.350243	517986.010996	623.46177	519.100341	5.067255
2458047.35707902	1.005477	0.003317	2.578198	644.92381	2458047.351644	516863.152578	623.627003	518.925808	5.084646
2458047.35847895	0.998887	0.003292	2.539492	645.744118	2458047.353044	519735.404923	623.718565	518.87621	5.127036
2458047.35986787	1.001776	0.003324	2.502267	641.012739	2458047.354433	517535.151829	623.684074	519.039999	5.098256
2458047.36126779	0.998596	0.003277	2.465852	641.449231	2458047.355833	516811.984848	623.06099	518.942034	5.047661
2458047.36265671	0.998952	0.003216	2.430805	639.676737	2458047.357222	517508.055973	623.001386	518.773171	4.976687
2458047.36405763	0.995780	0.003305	2.396496	640.87500	2458047.358623	516050.775817	623.740114	518.728382	5.171157
2458047.36545755	0.992571	0.003259	2.363181	643.00295	2458047.360023	516106.593597	623.60993	518.527958	5.034513
2458047.36684647	0.989548	0.003398	2.331084	638.083333	2458047.361412	511368.690859	623.90881	518.643791	5.339656
2458047.36824639	0.990883	0.003452	2.299631	636.95122	2458047.362812	508720.941923	624.287662	518.729048	5.487864
2458047.36963531	0.986326	0.003381	2.269309	638.467422	2458047.364201	509941.302189	624.209777	518.53305	5.256872
2458047.37103623	0.984006	0.003358	2.239579	638.881818	2458047.365602	510659.63324	624.587503	518.924781	5.145366
2458047.37242515	0.987280	0.003475	2.210899	638.941003	2458047.366991	505570.680857	624.672266	518.893925	5.45165
2458047.37382507	0.978124	0.003491	2.182761	638.6000	2458047.368391	507136.934398	624.925559	518.769376	5.484864
2458047.37521399	0.974641	0.003341	2.155603	639.550314	2458047.36978	507272.611	624.537222	518.638013	5.216232
2458047.37661491	0.974646	0.003506	2.128944	639.541176	2458047.371181	503383.933659	624.94875	518.784501	5.591632
2458047.37800283	0.970875	0.003563	2.103199	638.072072	2458047.372569	500571.359591	625.034961	518.563579	5.67612
2458047.37940375	0.969651	0.003507	2.077913	639.777778	2458047.37397	506481.410238	625.061911	518.526483	5.48596
2458047.38080367	0.967182	0.003512	2.053281	641.132022	2458047.37537	503694.527606	624.778218	518.449424	5.50196
2458047.38219259	0.971868	0.003619	2.029475	637.975904	2458047.376759	502969.418419	625.069995	518.481603	5.606028
2458047.38359351	0.965819	0.003869	2.006076	640.311765	2458047.37816	494963.247128	625.348093	518.226029	6.212687
2458047.38498243	0.970549	0.003831	1.983452	641.1250	2458047.379549	498674.115419	625.30145	518.091378	6.03154
2458047.38638235	0.973024	0.003877	1.961206	640.260188	2458047.380949	495822.032594	625.683962	518.213994	6.036642
2458047.38777127	0.969693	0.003724	1.939685	640.622419	2458047.382338	494555.212362	625.978473	518.395524	5.933719
2458047.38917119	0.970057	0.003542	1.918515	642.526646	2458047.383738	497772.090542	626.073564	518.320516	5.508443
2458047.39056011	0.969851	0.003556	1.898027	637.107692	2458047.385127	499380.297455	626.00523	518.359075	5.501876
2458047.39196103	0.967510	0.003496	1.877864	637.13961	2458047.386528	496303.019092	626.213583	518.430525	5.441288
2458047.39336095	0.965615	0.003523	1.858183	638.242604	2458047.387928	496613.261115	626.69086	518.349323	5.499435
2458047.39474987	0.967285	0.003573	1.839125	638.559767	2458047.389317	496938.834065	627.074327	518.350976	5.547472
2458047.39615079	0.965744	0.003479	1.820358	636.7500	2458047.390718	492653.663868	627.059685	518.299391	5.405653
2458047.39753871	0.965728	0.003678	1.802179	636.135484	2458047.392106	489072.224183	627.036901	518.135307	5.699033
2458047.39893963	0.963917	0.003649	1.784271	636.788644	2458047.393507	486519.102657	627.024681	518.092376	5.727701
2458047.40032855	0.964093	0.003608	1.766918	639.505017	2458047.394896	488946.422233	627.125879	517.968116	5.504373
2458047.40172847	0.968490	0.003779	1.749818	636.517964	2458047.396296	484534.203363	627.022351	517.744488	5.913718
2458047.40311739	0.964747	0.003726	1.733242	636.163324	2458047.397685	487309.919732	626.618386	518.03732	5.82839
2458047.40451831	0.964377	0.003758	1.716903	635.162319	2458047.399086	484565.65397	627.240987	517.837714	5.839052
2458047.40591823	0.961085	0.003732	1.700929	640.094225	2458047.400486	484395.12325	627.461553	517.914862	5.780701
2458047.40730715	0.971423	0.003669	1.685438	636.82716	2458047.401875	484206.845598	627.551371	517.942488	5.615212
2458047.40870707	0.973832	0.003855	1.670161	638.169591	2458047.403275	480692.199197	627.474014	517.96371	5.992076
2458047.41009599	0.969545	0.003980	1.655341	638.006006	2458047.404664	478925.208338	627.439798	518.048208	6.217935
2458047.41149691	0.964952	0.004027	1.640722	640.476489	2458047.406065	477412.837659	628.148688	517.94924	6.23009
2458047.41288583	0.967463	0.003959	1.626537	639.779762	2458047.407454	476525.938061	627.568886	518.054713	6.176813
2458047.41428575	0.972260	0.004003	1.612541	638.943038	2458047.408854	477297.454436	629.000623	517.975862	6.082911
2458047.41567467	0.965902	0.003837	1.598956	638.93787	2458047.410243	475210.758686	629.438861	518.540606	5.907197
2458047.41707559	0.969193	0.004136	1.585549	639.920973	2458047.411644	478924.693293	630.426064	518.27078	5.886614
2458047.41846351	0.970391	0.004087	1.572533	640.495327	2458047.413032	480006.151282	630.941908	518.47838	5.747369
2458047.41986443	0.973623	0.004081	1.559684	646.147335	2458047.414433	477928.189451	630.839913	518.571654	5.738429
2458047.42126435	0.967600	0.003975	1.547104	649.384127	2458047.415833	477377.604335	630.487842	518.594434	5.610219
2458047.42265327	0.972691	0.004024	1.534888	645.276163	2458047.417222	476160.122193	631.1351	518.909153	5.661693
2458047.42405419	0.970824	0.004041	1.522824	642.117647	2458047.418623	474924.587328	631.961485	518.969217	5.55091
2458047.42544311	0.968593	0.004499	1.511107	641.582353	2458047.420012	470445.894904	631.843153	518.935914	6.390146
2458047.42684303	0.969771	0.004625	1.499534	641.856725	2458047.421412	467782.666573	632.757503	519.39752	6.517697
2458047.42823195	0.981147	0.004279	1.488290	639.344615	2458047.422801	471041.401146	633.609084	519.38963	5.855882
2458047.42963187	0.981409	0.004129	1.477183	639.535817	2458047.424201	470670.057418	634.036235	519.468904	5.557626
2458047.43103279	0.985094	0.004184	1.466302	639.355346	2458047.425602	465472.412963	634.521956	519.696161	5.710848
2458047.43242171	0.990816	0.004215	1.455729	642.815249	2458047.426991	462841.307066	634.985113	519.976756	5.767906
2458047.43381063	0.993988	0.004353	1.445366	640.827089	2458047.42838	459003.190516	635.395945	520.044331	6.124517
2458047.43521055	0.992654	0.004419	1.435126	642.859813	2458047.42978	455307.797132	635.414704	520.152527	5.978615
2458047.43659947	0.999795	0.004204	1.425174	640.498471	2458047.431169	458072.123422	636.68244	520.376834	5.698341
2458047.43799939	1.001812	0.004323	1.415338	639.198225	2458047.432569	454675.501772	636.987003	520.660272	5.784672
2458047.43940031	1.001518	0.004324	1.405697	643.597101	2458047.43397	452976.211214	636.768038	520.472648	5.620804
2458047.44080023	0.998329	0.004210	1.396247	643.02439	2458047.43537	450933.989576	637.340601	520.644709	5.530403
2458047.44218915	0.997607	0.004217	1.387061	643.655072	2458047.436759	448526.675585	637.794535	520.623206	5.453613
2458047.44359007	0.998394	0.004268	1.377979	646.903727	2458047.43816	446847.899608	638.249567	520.991518	5.521494
2458047.44497899	1.001570	0.004325	1.369149	644.858491	2458047.439549	444237.996914	639.298864	521.524602	5.656025
2458047.44637890	0.996731	0.004360	1.360420	644.485876	2458047.440949	441720.789318	640.671353	521.917548	5.661879
2458047.44776782	0.989689	0.004574	1.351931	645.930091	2458047.442338	437113.798413	640.664101	522.364691	5.76594
2458047.44916774	0.995458	0.004563	1.343538	645.873418	2458047.443738	438931.648551	641.43868	522.448526	5.677379
2458047.45055666	0.999383	0.004765	1.335377	646.683891	2458047.445127	437602.615963	642.107245	522.842691	5.866077
2458047.45195758	1.002122	0.005181	1.327307	648.055921	2458047.446528	431114.280126	642.689747	522.790396	6.299866
2458047.45334650	0.994815	0.005110	1.319459	648.578947	2458047.447917	432810.012281	643.569769	522.963604	5.97555
2458047.45474642	0.999338	0.005209	1.311698	648.519108	2458047.449317	428504.532506	644.491236	523.276042	6.08941
2458047.45614734	0.999928	0.005121	1.304088	648.970845	2458047.450718	429638.499168	645.435374	523.719267	6.087216
2458047.45753526	1.000941	0.004903	1.296687	650.247649	2458047.452106	426189.546158	645.175714	524.013144	5.680953
2458047.45893618	1.002753	0.004978	1.289367	648.01194	2458047.453507	425225.855288	646.78052	524.662806	5.679324
2458047.46032510	1.005192	0.004960	1.282249	647.909677	2458047.454896	422453.679036	647.339989	525.746754	5.569799
2458047.46172502	1.011419	0.004981	1.275209	650.054711	2458047.456296	418359.625371	649.124816	526.402585	5.465584
2458047.46311394	1.014570	0.005015	1.268362	651.704819	2458047.457685	413046.313329	649.989143	526.967214	5.510051
2458047.46451486	1.011091	0.005292	1.261591	647.084142	2458047.459086	410999.886364	650.601968	527.295706	5.878593
2458054.32763553	0.986769	0.003936	2.890490	689.063401	2458054.322627	468170.427956	622.201743	514.864091	5.851752
2458054.32902444	0.990347	0.003750	2.842178	688.503185	2458054.324016	473605.057416	622.467266	514.803328	5.439733
2458054.33042535	0.996557	0.003846	2.795078	688.216138	2458054.325417	471437.367862	622.222448	514.841405	5.647468
2458054.33182525	0.990528	0.003965	2.749524	688.093567	2458054.326817	470121.044723	622.69266	515.45444	5.934921
2458054.33321416	1.000164	0.004300	2.705804	687.936709	2458054.328206	465313.343394	623.483436	516.009472	6.342039
2458054.33461407	0.994040	0.004266	2.663123	685.589666	2458054.329606	463336.668744	624.05749	516.394436	6.34416
2458054.33601498	0.995540	0.004543	2.621789	685.412308	2458054.331007	459127.875917	624.526013	516.608001	6.890132
2458054.33740389	0.996820	0.004467	2.582068	682.42623	2458054.332396	459477.600394	624.73427	516.584776	6.663551
2458054.33880379	1.004191	0.004352	2.543244	680.36646	2458054.333796	462732.189377	624.312898	516.579836	6.514061
2458054.34019270	0.999839	0.004118	2.505906	678.581994	2458054.335185	463962.261914	623.960856	516.831711	6.080696
2458054.34159361	0.995048	0.004099	2.469383	681.207831	2458054.336586	465996.792666	624.567789	516.980864	6.011303
2458054.34299351	1.000584	0.003913	2.433944	678.973054	2458054.337986	467168.232558	624.502326	516.785766	5.80673
2458054.34438242	1.003441	0.003850	2.399824	677.441791	2458054.339375	464671.813213	624.815652	516.662893	5.622432
2458054.34578233	1.000236	0.003917	2.366413	678.0000	2458054.340775	461237.423999	624.743062	516.8955	5.760482
2458054.34717124	0.993237	0.003975	2.334224	681.191045	2458054.342164	461592.743601	625.17384	516.895471	5.819259
2458054.34857214	0.999424	0.003846	2.302683	678.790087	2458054.343565	461061.09976	625.325559	516.861779	5.628443
2458054.34997205	0.997298	0.003812	2.272027	673.955696	2458054.344965	464097.168865	624.708892	516.840613	5.551212
2458054.35136096	0.995033	0.003788	2.242464	676.229358	2458054.346354	462266.908235	625.225436	516.650995	5.460848
2458054.35276187	0.998287	0.003755	2.213470	671.294833	2458054.347755	460315.184446	625.300346	516.53307	5.465778
2458054.35415077	1.000833	0.003698	2.185493	672.426513	2458054.349144	460473.881857	625.279597	516.391372	5.351533
2458054.35555068	0.999247	0.003717	2.158039	674.371517	2458054.350544	459989.719017	625.321987	516.109928	5.312333
2458054.35695059	0.996605	0.003784	2.131315	672.558282	2458054.351944	462140.290459	624.110596	515.431764	5.36116
2458054.35833950	1.001516	0.003765	2.105508	666.37500	2458054.353333	460387.288201	623.796705	515.31196	5.456528
2458054.35974040	0.997054	0.003784	2.080162	667.759887	2458054.354734	460088.786605	623.353423	514.991906	5.461369
2458054.36112931	0.997823	0.003817	2.055673	667.525836	2458054.356123	458668.879295	623.18456	514.503628	5.514285
2458054.36252922	0.995936	0.003989	2.031611	664.554517	2458054.357523	456282.557715	622.887976	514.222455	5.78849
2458054.36391813	0.990786	0.003865	2.008350	664.481481	2458054.358912	456475.010385	622.742233	514.005666	5.67227
2458054.36531903	0.995344	0.003879	1.985483	658.876471	2458054.360313	456466.106795	622.578173	513.872587	5.612277
2458054.36670694	0.989086	0.003855	1.963368	659.170279	2458054.361701	455995.710629	622.490651	513.503983	5.652497
2458054.36810785	0.983845	0.003870	1.941617	657.657407	2458054.363102	455119.549963	622.386109	513.393366	5.62989
2458054.36949675	0.988818	0.003946	1.920573	656.839181	2458054.364491	453113.806	622.330364	513.120235	5.78716
2458054.37089666	0.987476	0.003879	1.899867	657.198225	2458054.365891	453556.035856	622.376247	512.838976	5.650844
2458054.37228557	0.981867	0.003932	1.879825	654.726727	2458054.36728	455163.877159	621.70953	512.748181	5.762968
2458054.37368648	0.978050	0.003870	1.860096	654.088957	2458054.368681	454804.084084	621.665286	512.474027	5.672813
2458054.37507438	0.975485	0.003913	1.840994	653.376543	2458054.370069	452420.032634	622.668457	512.235221	5.818042
2458054.37647529	0.975723	0.003960	1.822183	656.642643	2458054.37147	449567.399108	622.63226	512.351635	5.856869
2458054.37786420	0.970817	0.004233	1.803962	658.778788	2458054.372859	449583.752726	622.483457	512.073994	6.233117
2458054.37926410	0.974147	0.004395	1.786013	654.49375	2458054.374259	445440.766999	622.223883	511.902236	6.50046
2458054.38065301	0.974730	0.004395	1.768620	654.071839	2458054.375648	446332.462006	622.68483	511.931719	6.544458
2458054.38205392	0.974615	0.004424	1.751481	654.894578	2458054.377049	443571.815392	622.815797	511.818013	6.565843
2458054.38344183	0.975800	0.004481	1.734868	653.828488	2458054.378437	444211.939315	622.686486	512.043157	6.61965
2458054.38484273	0.974085	0.004108	1.718493	650.82716	2458054.379838	444955.813509	622.613892	511.841314	6.064893
2458054.38623164	0.971161	0.003927	1.702614	651.970779	2458054.381227	448499.198917	623.048483	511.741501	5.66352
2458054.38763155	0.968658	0.003812	1.686958	650.185304	2458054.382627	448739.24451	623.937076	511.877472	5.53651
2458054.38902045	0.970296	0.003731	1.671773	647.679012	2458054.384016	447597.604427	623.724854	511.824714	5.424696
2458054.39042136	0.968003	0.003831	1.656795	649.532738	2458054.385417	447112.555556	623.537575	511.681715	5.495468
2458054.39181027	0.967631	0.003893	1.642265	651.272727	2458054.386806	443185.32417	625.260858	511.717138	5.585795
2458054.39321017	0.968710	0.004013	1.627929	652.326087	2458054.388206	440706.623401	625.045118	511.708328	5.620283
2458054.39459908	0.964416	0.004070	1.614018	654.933962	2458054.389595	442404.594191	625.852053	511.492549	5.733084
2458054.39599899	0.962404	0.003994	1.600289	651.305638	2458054.390995	440263.066885	626.304876	511.565853	5.710702
2458054.39738790	0.965381	0.003999	1.586964	653.00974	2458054.392384	438152.518094	627.092907	511.475395	5.606067
2458054.39878880	0.958726	0.004151	1.573810	655.848943	2458054.393785	434857.492249	627.574403	511.366415	5.911933
2458054.40017771	0.968190	0.004194	1.561040	654.507463	2458054.395174	430927.043062	628.071493	511.464177	5.936719
2458054.40157762	0.968166	0.004424	1.548432	654.708709	2458054.396574	428901.429734	628.195459	511.654046	6.201942
2458054.40297852	0.969738	0.004433	1.536087	654.914826	2458054.397975	425975.091088	628.395128	511.324251	6.288183
2458054.40436643	0.963952	0.004409	1.524098	658.136905	2458054.399363	425374.815029	629.028385	511.423314	6.154693
2458054.40576734	0.968902	0.004835	1.512257	658.95356	2458054.400764	425906.106849	629.812299	511.427058	6.37232
2458054.40715624	0.965333	0.004806	1.500755	660.297753	2458054.402153	426963.717949	630.091262	511.563193	6.362454
2458054.40855615	0.969580	0.004973	1.489394	654.876437	2458054.403553	423483.136403	630.508978	511.816416	6.672701
2458054.40994506	0.966312	0.004859	1.478356	654.339394	2458054.404942	425149.342731	631.036239	511.866986	6.397498
2458054.41134596	0.966293	0.004844	1.467451	652.125373	2458054.406343	427555.890262	632.244674	512.194136	6.319357
2458054.41273387	0.973956	0.004916	1.456854	654.544615	2458054.407731	425628.999821	632.197707	512.137709	6.326425
2458054.41413478	0.973311	0.004925	1.446384	656.316923	2458054.409132	423652.187992	631.903526	512.159906	6.377977
2458054.41553468	0.969690	0.004935	1.436124	656.539589	2458054.410532	419801.850251	632.582332	512.275653	6.408401
2458054.41693559	0.970707	0.004954	1.426069	658.636364	2458054.411933	418670.43653	633.303026	512.243638	6.402436
2458054.41832450	0.974993	0.004901	1.416296	657.568915	2458054.413322	417477.843618	633.993256	512.080838	6.238074
2458054.41972440	0.976010	0.004935	1.406636	656.506289	2458054.414722	415882.521206	635.127346	512.182091	6.335379
2458054.42111331	0.980888	0.004830	1.397245	654.225806	2458054.416111	415660.601571	635.588045	512.335047	6.308707
2458054.42251422	0.977324	0.004744	1.387963	655.021277	2458054.417512	415461.76673	635.904787	512.353247	6.126104
2458054.42391412	0.973636	0.004806	1.378864	654.390769	2458054.418912	415521.207598	636.509013	512.651367	6.207246
2458054.42530303	0.979197	0.004773	1.370017	651.932692	2458054.420301	416626.618003	637.012954	512.866716	6.066588
2458054.42670294	0.986128	0.004596	1.361270	651.32459	2458054.421701	417588.104727	636.920609	513.148981	5.792107
2458054.42809184	0.989750	0.004567	1.352765	653.487421	2458054.42309	416676.879372	637.404298	513.412142	5.583949
2458054.42949275	0.990538	0.004515	1.344356	655.938838	2458054.424491	413188.108562	638.610872	513.516207	5.612686
2458054.43088166	0.993949	0.004663	1.336179	655.8000	2458054.42588	410658.706683	639.018117	514.079453	5.737381
2458054.43228156	0.993409	0.005050	1.328093	658.072674	2458054.42728	406259.516188	640.79708	514.748491	6.128034
2458054.43368247	1.001282	0.005169	1.320165	655.484058	2458054.428681	405037.140005	641.329852	514.867012	6.301379
2458054.43507038	1.005706	0.005116	1.312454	655.80597	2458054.430069	406992.536945	642.164001	515.107456	5.932505
2458054.43647128	1.005319	0.005035	1.304829	659.18239	2458054.43147	405397.985326	642.829158	515.569819	5.647318
2458054.43787119	0.999490	0.005078	1.297352	659.448276	2458054.43287	404275.690679	644.029173	515.789387	5.549218
2458054.43926010	0.998053	0.005265	1.290080	658.054286	2458054.434259	399843.587585	644.530662	515.931116	5.963311
2458054.44066100	1.005945	0.005609	1.282889	656.855705	2458054.43566	397652.101409	645.163892	515.998633	6.237428
2458054.44204991	1.004693	0.005480	1.275895	659.133956	2458054.437049	394433.786197	646.204244	516.373834	6.19066
2458054.44344982	0.997379	0.006029	1.268978	664.306709	2458054.438449	386815.522039	646.790223	516.935403	6.660327
2458054.44483872	1.001497	0.006105	1.262251	663.501529	2458054.439838	372860.006698	647.907796	517.37544	6.537863
2458054.44623863	0.992492	0.006674	1.255598	667.377709	2458054.441238	353430.874414	649.031448	517.777874	6.757639
